32.8247750604756	29.2661984737982	13.2543989175883
17.6972449814322	29.0864901429968	14.9007270793385
38.3646847614396	29.2918288137495	15.6840995602974
4.22439575226941	29.0203048328787	15.0443885550824
12.7331709311133	29.1630061927751	15.9060942409381
4.98939215785191	29.1890624872867	15.2102062798347
18.3925922236521	29.4036320790597	14.9043189113857
16.8678676575505	29.1286456420499	14.7742755865677
14.1700419342485	29.1951036796533	15.1178020324136
11.6626634050161	28.8305061625726	16.7861376176873
31.1962866420903	28.8398110095324	12.9810225035875
36.9075921864702	28.7127840072442	15.9193705576674
3.09907935850672	28.8286724540071	14.2232102325084
23.6788770779241	29.0170258510673	13.3135025398915
10.1841800050813	28.9634316046261	16.9896591881725
28.002132481241	28.9837235035199	15.8713063783566
31.9389011792818	29.1485980484064	12.7674926973309
39.1474963675765	29.1076809366519	15.262726772437
2.24592979863154	28.6714722035218	12.9917699821738
22.4348913933721	29.9008896393616	14.1691785019427
15.2111906527409	29.957126477232	15.0904185763468
19.0222929126913	29.9275006940162	15.1269369706856
35.1565202817379	29.954565283628	15.4847725759827
38.840381132277	29.9291368293899	15.0498567064405
4.53258002781132	29.8226384734208	15.0630132913145
8.55460531623572	29.9397757401325	15.7632229874173
6.3904601164054	29.701676037629	14.9562524178227
36.51416014206	29.5162796999058	15.7955254275281
24.2607675578821	29.5173111922428	13.5289298007573
9.52596139774322	29.3930755291546	16.7308998992957
13.4762127492341	29.5565278710898	15.3594490186591
31.3177975238134	29.6174001804509	12.8372477247871
29.6159711859782	29.774340110126	14.4997011973499
12.8259036490105	29.9200278958248	15.8228084725141
9.47543099971033	28.5646171140409	16.8912842314805
37.7084661590397	28.5053747890674	15.804423993353
38.6596495964614	27.6898459368314	15.7404273974943
13.9604989844253	27.7858658417666	15.0528097111418
10.8474153316208	27.8588652703072	16.916302066524
9.48634041944715	27.8221878218514	16.8103885015889
37.870384742294	27.7536685036554	15.8033982116485
32.7853528528592	27.7557446013507	12.9354748485762
33.5286765101464	27.9058345968875	13.2571646031432
37.0834223937168	27.9553310594939	15.6666210438599
5.6812316429364	27.9865282443149	14.9214142389055
7.3304487369905	28.0873804298832	14.8973025121626
11.5494970159128	28.0734036355501	16.5800843804589
21.4117752051299	27.6633611583647	13.8400998768853
14.5548185896009	27.4128746665458	14.9241666309024
25.7619190601359	27.3305446067878	14.6136337944816
5.10560643173937	27.4773185755921	15.1242517046866
17.7394213013684	27.6131856964746	14.8139335855206
4.35194334339651	27.4862239441303	15.3109971801911
16.0689567476093	27.6723729427364	14.8054987431546
16.8041811510424	27.5416129882683	14.7516811521499
22.167484020283	27.5639915484917	13.5370908158696
7.9496533838783	28.6327539503294	15.428018896567
6.39721350156959	28.1642602273602	14.7902598533158
32.7265951100925	28.4923479516483	12.9334518425876
38.4558639822251	28.4382432803652	15.7660686428082
10.8528086820006	28.5863380770839	16.9873791750296
26.5943547782536	28.4915164339979	15.1306097153202
20.0116312905435	28.5580324907183	14.3659917966129
24.5298199673383	28.4977921146333	13.3289520060777
35.2447234487958	28.4212330434447	14.5602462049902
23.8041718217593	28.2844113342364	12.9459843427049
10.1637061472657	28.1817518497224	16.9864650780089
14.4083207988716	28.441016699787	15.1853481277913
29.2164701015934	28.2322048406309	14.4587731534032
39.1875370977947	28.2320359778266	15.3331350149977
28.4014505856047	28.2963358765778	15.215707112621
30.6059288795613	28.3760165617915	13.176426761685
26.6285345396523	29.9625060092133	15.9321533276536
33.0240586965932	30.0509445434902	13.5483670996062
35.0477663917421	31.6912470524583	16.1559558092297
22.9480505879138	31.9058738988108	14.9422423404433
39.4635267711552	31.9579711249405	13.0679704176812
25.2240315313626	31.804346699349	15.4757694172338
8.44902651260828	31.7924440335554	16.2634501209856
21.1982656587453	31.8932279194419	14.8413045486866
13.8140534194914	31.9543786178059	16.0549434760077
12.4125894646778	32.1080196859064	17.1389247486184
14.6018810258599	32.1207244918425	15.5154597760555
11.3888078100466	31.8993935917028	17.2778745239042
18.4363119715447	31.8978935847703	15.5652773616641
40.2533617613319	31.7582993342979	11.9446326810087
2.18080690541939	31.5289064944394	13.0214140365574
15.1280270507576	31.4725002054887	15.1946430024066
31.323443746507	31.5461436274413	12.3802641777928
35.7194151150491	31.4457819057198	16.3645857179504
32.4908822528215	31.7912040882169	12.7121094150776
22.32314120292	32.4120052599738	14.7412546834715
27.1529944394912	32.3936146814437	16.087498986109
40.1152632606319	32.5069693128785	11.6975409963306
17.2058643520108	32.4985458647016	15.549536372424
10.1010662858834	32.5428414575652	17.1232429830553
11.8204615060352	32.5498667419704	17.6806483890006
20.7422307301066	32.4915041811894	14.7787113013262
21.5715517319765	32.5577136212017	14.6654580454914
33.5398266437716	32.5326096917316	13.7019354262839
29.5349433924237	32.181398426893	13.769788758152
32.8079702439468	32.4730311600898	12.8537535605629
34.3499714203261	32.0286826507797	14.9680626480913
26.4303412246708	32.2113921781628	16.0841506963563
2.35913942820045	32.2760100251789	13.5535068773608
3.10490833403177	32.2872659752909	14.2479219027915
7.74551727828403	32.243406354314	16.4636754479271
24.6699678816291	32.3606371891466	15.3396010785009
29.9012037374101	31.5200401014916	13.4396626122549
12.0412563103554	31.4762105220227	16.9518153288714
34.5413036794254	30.4298242062492	15.1320694689592
39.4608537802024	30.4826244365338	14.0509088894818
4.06707737494038	30.5014069993716	14.7361260702718
6.21630605641161	30.530371333446	15.2983297574726
15.7425428875782	30.5152305152105	15.2254648516762
3.31834665603535	30.535319541909	13.9580293783648
11.857863398899	30.6924490345785	16.710749999104
23.8136222509188	30.6510045691528	14.3670220401909
7.93507881445123	30.4249599716095	15.4045388026154
19.7604320832249	30.0262875482153	15.1139649012287
9.24901271883683	30.2119655867129	16.38872715153
11.169355022458	30.398774876404	16.8019103044956
27.2387488670147	30.4636492297756	16.4131325549882
12.5611434988465	30.7638732165892	16.266125393717
15.0244483851832	30.7056016418634	15.135979714157
11.2655777077512	31.1814416211906	16.9695502913822
18.3691975080151	31.1704500697189	15.509508838223
21.1979360368471	31.1916753106582	14.9806090287012
30.6254398766808	31.2340549877329	12.8871726999532
34.4213147281272	31.204004133519	15.1479917015037
39.6460795923577	31.2017104031565	12.9896244844953
4.15280813249294	31.2483894960798	14.6551261684661
6.82418332630246	31.2125120006717	15.8538292305533
15.861853905356	31.2557361488721	15.1934800439362
23.5106341196277	31.3508329685618	14.7574560065505
35.1851874271684	30.8448218873473	15.8683001400923
18.9970606728666	30.7244142915215	15.2244934670481
17.5030417445214	30.816842901376	15.3240162101532
19.7903402420386	30.8178695209419	15.1831769619732
26.5341534708945	30.7043837916992	16.2246760243861
33.7229638872465	30.728196579436	14.3968187297608
10.5833898190784	30.8660340581623	16.7345614343161
25.2501376769086	31.0379430703102	15.3020820666846
31.9296853198146	31.0553221849057	12.6572894548273
13.9371796151602	32.7122857526033	16.2985759417313
25.3533893339093	23.701728731378	15.1233588227996
15.2453107098901	23.7489891554888	14.9258744730134
24.6525325186433	23.973904675107	15.137211723515
36.1385851791605	23.9189803890524	14.074434352998
2.02441004624574	23.9221242303869	13.4230875614478
21.3962445982595	23.8151694728088	16.0302087971226
8.86937018248976	23.8807283868755	14.1456707609747
20.00412436135	23.910698052217	16.2783292599814
12.9596447194239	24.0972202692208	15.2642798469462
30.6195114559613	23.9694122337164	12.753483605376
10.5008992493926	24.2584343623876	14.5584307877694
4.84448932737237	23.4250959145806	14.950702940492
32.8014950725192	23.5416733230545	13.4305084405592
39.8642182627542	23.2704788140268	13.7064031864658
19.2176535804117	23.6241181724571	16.104917458243
22.1304275126857	23.6515480875761	15.6542764318276
35.485905468374	23.5514684346402	14.5507459799142
38.0322728032395	23.555804892933	14.2884758382682
13.6300509660235	23.6287379104827	15.540837095121
15.9447301174285	23.4637470977365	14.9988979183212
14.4850394529129	24.0377902586625	14.8195443462322
4.5335546728155	24.097628775639	14.915664975174
26.978411712361	24.3483797521128	15.0823957544024
36.7667898322397	24.3902034671997	13.9185606082422
7.17992346461165	24.4234108253428	15.1822330162132
15.2076077638165	24.4884734503876	14.4562796064611
25.3081952401894	24.4398780466529	15.1384629841949
11.0655506244919	24.8006884930455	14.9578612690068
12.2202413327039	24.1118378279292	15.3802787003643
20.725874040075	24.1900652778909	16.1480653313982
39.4723333919168	23.9403861502723	14.4220643932029
19.3816447973913	24.3604525132943	16.0749669751183
18.6889820172781	24.1632334985498	15.9016559991768
23.8896186338298	24.2142507244694	15.2807328551268
32.3538021523577	24.3202036000605	13.3528513596167
38.6973817427397	24.1056979470095	14.5234517449117
17.4870998678812	24.1051277108136	14.9716858824276
12.8744196574825	24.8535866511293	15.1668827804824
2.45892529179955	22.37685995275	14.0574957568334
23.5704410024818	22.4853268973334	14.9466418175807
36.2770300269753	22.3362528775817	14.7316585676922
38.7115646401364	22.5756862997318	13.828948370234
26.6804481621549	22.53323506938	15.1686405527576
27.4337602739106	22.591639043139	15.0886075697911
3.97878758304149	22.569684390799	15.518469738028
10.2159595271656	22.5825260288504	14.0206905389445
24.3480814972326	22.5596670910489	15.0044293445249
18.2742750829087	22.5453076592694	15.5672996051679
20.8512695320646	22.3832773427279	16.2123133499262
30.8790057021289	22.266923100357	12.9118839925646
8.34891547709127	22.1602373823211	13.7718896918109
14.1344734054912	21.9862270813635	16.6525527272345
34.9322868596006	22.0324221424597	15.2884687096471
14.8723307803655	22.2418097654432	16.6404104273126
30.1343435213328	22.1590002807801	13.3693516554963
38.9358310075908	23.3004351871421	14.200690668659
35.5264837015486	22.5318562716666	14.9780089980059
36.1357525309316	23.0797347970056	14.4322269862704
2.41401209443765	23.1594636133741	13.6928930462435
12.8925794127995	23.3401945201393	15.4879846467756
10.6358783123352	23.3334122388439	14.493186294944
12.1529429689121	23.3793189241187	15.3387035382071
24.8874376984247	23.1075463032685	14.9505574831164
19.1023703976044	22.7702719475079	16.0706246841502
37.9207233891267	22.7924948155673	14.1836837048962
40.4961978055668	22.6549867314687	12.570062355374
16.2867618730389	22.7235993183029	15.6283438783963
3.12704768527242	22.7652083512678	14.7059757207355
15.441925159385	22.7854189087704	15.9411870304037
28.838028345869	22.8586857917488	14.2715761059486
7.62757564698553	22.9601545654475	14.3054409522614
19.8122905556165	23.2030340388	16.3675768191709
20.0556067801186	24.7162244413096	15.887067500513
23.8318114019564	26.3762714997198	14.648937662989
33.5690594236414	26.4311657046028	13.461927675805
8.22100159618855	26.5117634966437	15.4448422925478
31.2594535708158	26.6062847502005	12.7995898483554
20.259264625975	26.6857273919145	14.5455531691629
28.6011040568558	26.4781805478938	14.199914681205
38.958089101207	26.5528836129542	15.8273740538109
14.5317374702723	26.6447484116653	14.6639363972217
10.6554237019958	26.5351426413867	16.2680166059888
24.4743063069262	26.783394749771	14.334152395483
11.5214821844401	26.5276321883406	15.8812319905673
38.2835788390041	26.1447708407945	15.6428105955699
5.34498122590853	26.0953900814434	15.1029758462392
8.85907642044364	26.0801000118563	15.5971214018556
16.0328657367635	26.1394997309105	14.5280711906088
34.2681075844251	26.0957625455765	13.6122043711361
2.96333872372481	26.2925430579852	14.7178450696111
13.5945905690665	26.337131520914	14.7375080008065
27.0444729291583	26.5913978176728	14.8718888660333
11.0904152144326	27.1736111158348	16.6377448657907
19.5129141127531	27.103479671322	14.6905324434699
38.3210614667956	26.9924387323666	15.7962484150392
37.4730440418192	27.0965657939512	15.4135987894733
33.8118924825957	27.1819535040563	13.4666929905453
29.5507692591282	26.76690649279	13.4925670631964
33.0220292262003	27.0520398202849	13.126890603731
26.27685567507	26.7480560875686	14.925635628336
25.2195273331714	26.8132750613533	14.5989076342297
34.6067403076906	27.0703477971583	13.543796963271
16.4538741209374	26.8337388604533	14.6479010080312
21.0015887078356	27.0292554072937	14.1262464533587
17.2286951065971	26.9028468887931	14.8017540949736
13.8590386327196	27.0502284314174	14.8553564276029
25.7229689470062	26.2397477088067	15.0416953533903
36.2345148334997	24.9654341477857	13.6656883318845
38.4527139679544	24.8819472593394	14.9335606392246
15.6351698769703	25.1518460386118	14.248729369115
31.5911789240854	24.9487937331133	12.9681776813305
29.9052721020156	25.0650145759385	13.1048501850468
27.3043716722009	25.1493688782742	14.7173739734973
28.0844064110087	25.1651166960444	14.3914816694106
39.2466573153629	24.7949481966112	14.9281192119336
30.7141187481888	24.7219333217065	12.7218574601132
33.9718323214899	24.7217104425835	14.0189750132916
7.8353795763472	24.7954565146474	14.9326872806182
22.7039899091356	24.9970750556434	15.5782332285607
23.4772008242232	24.9235927856841	15.5035447820965
26.4385385143066	24.8944733958931	14.9289610371876
4.62257911892612	24.8521602861008	15.0616155930163
35.5814498586022	25.510537035051	13.5246579112323
18.4146545286062	25.5800596132585	15.4381301235673
11.9465113186741	25.9217702271105	15.502106982726
14.2944573873568	25.9167333925579	14.4115611462244
28.663286019085	25.7319377625183	13.8865058597696
4.64563887448025	25.7529255711889	15.2342660388278
4.01535202783012	25.3228414959653	15.1163011407703
9.35998992482441	25.4303930053078	15.1167064252673
12.6561176457927	25.5825960771518	15.1794169080679
16.3304402343226	25.3921062049838	14.4735376302436
39.8570039830565	25.4319756569796	14.9574529031878
17.634047838906	25.5142533033371	14.9952665819696
23.8909199315965	25.621783585647	15.3702699226955
37.8859269482945	25.472408999479	14.9937321585103
16.405998245083	32.6894268750434	15.2398428916584
18.9409823986497	32.566125736861	15.6001479725643
30.9381487210454	39.4910418214854	14.7832617119999
33.7608684281384	39.4878041890344	12.6902773562722
37.645595646936	39.5175335474712	14.1651837759044
15.3526654660838	39.6790596804138	15.5067345067225
27.3184362839836	39.5779099720179	12.0466996381855
36.6898413647493	39.6831051522984	13.5067590201023
16.063392717941	39.9738235153449	15.3138180066957
9.47997444805242	39.6874042882849	16.6240035374261
24.7372113456798	39.7768627688197	13.4336274169501
5.13324124484839	39.518440349953	15.7725939177221
10.1269547240253	39.2670694510322	16.7701604779045
19.1636902585722	39.2069394286797	16.0306334803464
8.71125902240359	39.5138453482017	16.396126269127
35.4415501700936	39.2985732760248	12.8978240090483
12.4866930631711	39.4961539719404	17.1282980292354
16.6848845360423	39.3963223506352	15.8561342978255
36.2288819460488	39.0012723041887	13.8891211303004
21.538411296582	40.1836227999348	16.0838569684649
22.3333587926937	40.2549991453029	15.9797063517855
5.29181030795777	40.298319249675	15.5878277325204
13.7228289426214	40.2375225807974	15.9545007127566
17.8523172885377	40.3805841243319	14.9624806896256
9.70770412123353	40.3823201506287	16.4222622075484
20.5904923985355	40.4232033294596	15.9768529848404
30.7809579121605	40.3132841690397	14.488953426807
31.5342902755497	40.2014575482075	14.3985622793037
29.334887557019	39.7661563248131	13.3068703362791
38.3616019295961	39.8594729061009	13.833393602113
30.0390559483219	40.0629474126952	13.8770798816928
25.4477524394002	39.9588921859233	12.5329009269345
32.429785837655	39.9972547156508	13.7860984562209
33.2273778724328	40.1011962276108	12.6081541836705
40.43720769474	40.2975982934982	11.6834593346474
38.2376125641195	39.0556431257676	14.3744936914631
12.1093824234849	38.1728899488959	17.9687606205655
40.6030029179125	38.1718715985103	13.8762194681721
13.4391563910851	38.4229568471833	17.2507381465659
25.2820115922546	38.2073452394958	13.3272182546378
28.2792604288881	38.3352026161143	13.0103983035594
33.0340286227918	38.3501554643933	14.8427246082253
36.2675658189825	38.2152599022422	14.1395858546309
18.884819477391	38.5067956101585	16.2899991398262
19.5931404238887	38.362820697361	15.9110409105961
16.5283267940043	38.3861230592264	15.7082366560288
22.7593427549764	38.0696590902976	14.1888004775197
37.0594943765323	37.8743411748333	14.3352217788257
8.54267006791297	38.0091106514453	16.0368235157423
20.3070072295339	38.1458866035733	15.4923234402697
29.5592219920903	38.1357891239457	13.9079223310484
6.23479410023708	38.0798065962758	15.2109114180877
15.8312342356737	38.1801109688997	15.213935641415
24.5566765096703	38.0887156962703	13.7430711022298
38.8268610563283	38.494354148936	14.2701003543997
15.9916085179772	39.0144030807612	15.4988380310109
27.9065250703441	38.9788338836187	12.4339027575423
14.1261066917746	38.7640557008701	16.5161470092942
11.9692871512948	38.93997777897	17.56263254377
18.3595136521503	39.083093478745	16.3673316472515
24.7304595394351	38.9027311422858	13.3838341234371
22.0507940639869	38.4401870079003	14.4535070462066
5.60268889464982	38.7691792598796	15.3420969115045
17.224603773943	38.7081837645168	16.15372628596
6.36918210260777	38.7851022146738	15.3214625678306
35.5895902809351	38.5795079916333	13.7377007532255
12.729262032607	38.6758893335558	17.7252933884867
33.7125960829726	38.7423922971847	13.4972546889241
2.69379067061607	40.2946854404232	13.9617822713456
15.374287793667	40.4639735659346	14.9668529013289
36.6487100142929	40.4148252552174	12.8886384542279
6.14326349655892	40.5039342507422	15.073324829787
19.2496938047784	40.5857372842845	15.107064158552
24.8826719115223	40.5704810649157	12.7223368188429
14.4351669361604	40.5859678533627	15.2731748390212
35.0379099164243	40.6049976194675	11.1624513134089
18.0076278293909	32.6274160034052	15.7503049434801
12.8211266155532	37.8415886686223	17.7946613435954
39.1427811148775	37.7114033605395	14.036300631192
4.41853523920273	34.4059133156519	16.8486656702958
8.43109109980534	34.4245060675914	16.5960309168806
10.9076534057648	34.33314374424	17.288823736542
13.6534309111792	34.3070284880704	17.0473136299545
23.5547562953237	34.4475900524234	15.2057726368874
7.05687227609736	34.7177255555363	16.6160017669019
9.21620552227407	34.7864416448646	16.5751063152904
28.7446349261967	34.4434675471804	14.429668098683
7.59031789895572	34.0629259439892	16.8337934004904
21.7289683371443	34.1375020983331	14.5979792210895
3.69814662096498	34.0329876976852	16.2137467318538
17.3680580201101	34.2567157639981	15.4175781294874
19.2146572059864	34.3093616195119	15.7782643204366
11.6651682598092	34.1708326401845	17.5725229996442
26.2171721311505	34.6758643881245	15.625456663749
31.8433627997696	34.8997082706709	13.431497638976
17.0814055369856	35.0895145414648	15.1505117816885
32.539289360192	35.1592011712349	13.9062744648581
37.3839687584266	35.0406337009694	15.283847186268
40.2975781684744	35.0042298226914	11.3142735118425
17.8746795824868	35.0593878015381	15.8794122714049
24.8325649910627	35.0074605859808	15.2424709994097
29.1255110989475	35.1933055326755	14.637236900616
23.1218586354791	35.0698158791147	15.1230975362438
2.27308286135559	35.1922571432324	14.6749038885116
4.42842122767969	35.148837090482	16.5950663243407
15.604678610915	34.6625368145825	14.9198898234155
21.8870130801786	34.9602576900395	14.9126880371693
11.3814964151555	34.884865356298	17.5332651128453
28.0486834552334	34.7306365669942	15.0032535192968
35.2140663876604	34.7360991297623	15.8929962729769
5.07989413389597	34.79202122529	17.0433519918003
12.211147848226	34.8951279716385	17.7168635099318
13.0414970208764	34.7256070802843	17.676132698438
35.9185194469645	34.8465975223113	16.1213674206115
3.76354051087533	34.7930591660738	16.3626345284864
7.7715277354272	34.7852328249988	16.4625329617646
30.4244039315109	33.991286306506	12.875543720674
26.3988836991519	33.9495194897897	15.6293825512866
12.4936627161199	32.9857385909827	17.5329841970285
35.802185678604	33.0890163577778	16.6468560750458
20.2308165253911	33.3018257776553	14.9795077944596
32.2979174664819	33.2674502610214	12.1242669254765
33.0299621668834	33.2031506328074	12.6828346672655
18.5042652046367	33.2173888538839	15.7416348976184
30.0871897166344	32.7982247134704	12.7156465136392
9.40006933641629	32.9923719148519	16.9284750381756
38.7173274710922	32.9096120259449	13.6914236452891
39.529696982527	32.9862126346566	12.14217389049
2.82949703514585	32.9794603108637	14.5234959074895
6.63856091761308	33.0219384442907	17.0376331918344
27.8977837355683	33.9983931295794	15.2284466572027
23.4265280139201	33.717123407517	15.0157927380742
2.30924307293786	33.8671032946747	14.5764350717293
11.0586333901856	33.6228606825116	17.4563962384025
27.1705471251181	33.7989189379954	15.6419236844079
15.1227519563837	33.9609808818966	15.4126026023344
5.11266792781743	33.9755410099947	17.1975777188143
19.9372759737391	34.0645498594357	15.3614112232226
14.2304065364547	33.7668514599345	16.3069200060051
11.8162095750717	33.3509230425741	17.571299101458
25.0054281502212	33.3535844317128	15.4863855935598
25.7941465789165	33.4500263707921	15.6943222185614
4.40061026949787	33.6709499781955	16.8140166797181
35.0854883675839	33.4155853202774	15.7761420680354
17.7841768284075	33.4246225009023	15.7105011448474
28.62439255893	33.6430977110896	14.5931899087627
8.34417152732157	33.6585082479421	16.8341088587048
5.67577279737896	35.3361168297324	16.7448964587577
18.7178536446594	36.9157526613995	16.2876665436571
27.7442945225394	36.9009627025236	14.1048479314317
32.0328959632771	36.8653624890512	15.2501121186698
2.77685687673824	36.8971071608214	14.6466204440008
7.74957729194275	36.8146119513402	15.6808405556025
15.6506578619992	37.076772855634	14.7417052497889
30.490584294026	37.0410013978179	14.9427156452621
11.2951964109666	37.0868855413237	17.7389888229216
13.63653888664	36.8757785547456	17.3427081185925
39.9029667152131	36.4367857414957	12.695631146262
23.3053533312098	36.7369013233069	14.6301272753489
24.5567415421821	36.593618544303	14.7229613310893
36.9746720850631	36.7160829608077	14.7723378128795
6.22127720285822	36.6556968515449	15.6926582460376
11.8722257844781	36.5827584974251	18.0044633557059
3.52557087484982	37.212320403186	14.9355620260723
28.0888035813424	37.5914381608583	13.5727781713105
18.887274520818	37.7318942455528	16.2931656161434
19.6669939818755	37.5765188881492	15.9056194703563
21.2977821403	37.6253064590442	14.2077288617695
13.5591527273156	37.635607670509	17.3655898140745
15.2313495975889	37.7053508553669	15.2140464676631
28.8945127409408	37.6953951301063	13.6295672189143
7.86465214439282	37.6223319225104	15.8219422995058
17.1797483389119	37.9281489714616	15.9977013822282
25.9866055835418	37.193447958615	14.0866909969617
18.1426882762182	37.3836805371234	16.3943007487876
23.1428051386373	37.4472118293426	14.2859250795077
37.5817356402762	37.2752657122327	14.2343977972703
38.4463165808498	37.4407969027919	13.9421155419994
6.02504110004557	37.3734089055071	15.29879829412
11.9783117029858	37.4334686559447	18.0600298624414
32.7711885708115	36.6199190560207	15.1125152102854
31.3011361297339	35.4749860712147	14.1126472091611
33.0225494932037	35.8362518422627	14.6597880959995
37.9423464190827	35.7077301309854	14.3123862060291
39.7280116036809	35.644593615249	12.3171299562402
22.465525997292	35.4563702443426	15.0369073534438
18.1670072826968	35.7628206185184	16.0331333074629
30.551604179114	35.712292860915	14.3880667843374
4.08234154057834	35.8113302336459	16.1777108810643
21.7223255849476	35.7814964391865	15.0711928836646
24.7205933378741	35.8491399213131	15.0523029988757
19.5522573031245	35.8193835781828	16.1191806423779
14.575323400064	35.6740081318263	16.0026019537969
27.6049671629166	35.4020743877527	15.0320676277041
15.2403995537602	35.2995607396303	15.1991854920034
28.3887473583277	35.4315023718015	14.7363296425269
7.4581202745535	35.4643919209098	16.2208091921257
12.8060302205232	35.4348893866253	17.7934617703374
29.8524707619207	35.4193917923924	14.3681389479088
33.7625370696549	35.8633293356843	14.9573352365956
37.2447191184764	35.9736720831946	14.9007453764447
8.68260947189228	36.2177203702603	16.1084746723464
10.3493813087319	36.2801803546825	17.0154973498849
27.2306737006868	36.288251253453	14.690906244776
36.332235041866	36.3124220090104	15.2397776554752
3.3671649447887	36.3858777968647	15.3344573760775
11.1073406738262	36.3504396072819	17.4564987623466
18.0995118360224	36.4815876047607	16.2331072362156
30.0888855980722	36.3710554305061	14.7427065532746
26.3448356978694	36.5100087850833	14.6143722939966
28.0089118651663	36.1122344682215	14.6951084069177
23.826837772999	36.1687581041634	14.9860353791574
23.1443370257215	35.810732073146	15.0979231837236
40.441372585878	35.8503227433517	11.9405445650956
5.79619966091889	36.0462466245963	16.2124775660308
7.92166876221304	36.0753360757728	16.0580528023758
13.2349455877025	36.1932601906718	17.7465804567385
18.8493351805631	36.1205921555514	16.3109516153969
12.4980880189486	36.0790313971614	17.9691654793259
14.011162375777	36.1902448854265	16.7545304453295
13.144510749313	32.4852665647353	16.9997994488276
27.6127175249127	7.47647909070879	15.4902191084657
19.4001269462851	7.53448541637213	13.869683531343
36.3347835935951	7.62929205123336	13.3605271873172
6.62156317998855	7.46740853707534	15.3946127222304
12.9568105711774	7.59661439483852	13.387651682694
29.432785611904	7.50052365195214	13.7582564038676
30.9438061956106	7.63450645116636	13.9608768152231
25.6832811369753	7.46738342259711	15.4190237883019
22.1296840710102	7.5881258429742	12.902404383137
3.17540415046708	7.89804804654332	15.2431985024889
3.81744791402225	7.51156731750531	16.7403572395738
37.0559967480475	7.44777726832122	13.4712032430936
24.9930790749505	7.03574969327743	14.755001408798
30.1156843055012	7.20191143154979	13.8104254390944
8.81818191836325	7.45081547195103	14.1950589457718
17.8615432037258	7.34719824160477	13.7649222569343
13.9715689319061	7.27010261612517	14.1372936210248
11.3064144409552	7.74661887054873	13.338087330164
33.7739472227405	8.06191935763132	14.2540097648257
6.17447120248091	8.12852062730304	15.4448353999416
8.60588906394061	8.22375348138491	14.460619215315
37.1692132551898	8.29241582356734	13.3652359006416
19.4711380354189	8.30176541751317	13.9342047205806
32.2427255121997	8.28211532814291	14.617111948861
9.5297840222517	7.72544510729338	14.0934862350561
39.8850861061959	7.86771212111775	12.2366709386044
30.2979264932786	8.00812034044413	13.4987843027235
35.5581979253178	8.03394260943339	13.3250647146119
40.6009572449762	7.78197584376792	11.856315394168
13.6634253137847	7.96550273567914	13.4695829276199
16.4032050623455	7.9087940047713	14.0109079419916
21.2992213579508	7.9771303439444	13.2123759519121
5.44779668713116	8.18875640448202	15.9867126317883
14.7867633326206	7.18285932407819	14.1607176596206
26.2057047102734	6.87221714054559	15.9299843604297
3.68514283646855	6.17404333323921	17.2891794412657
4.55486135333398	6.22194775485312	17.487861620561
26.9285963158249	6.23809825546041	15.7826861338981
34.1926082152862	6.28231754413905	14.5087307777789
2.84032161556824	6.259672516768	15.9021579985208
26.2024814612763	6.13720720010508	15.7394372907056
2.09036622996105	6.44008345239621	14.6858117441691
5.44179736047348	6.40167385080245	17.2414323636689
16.2255277304688	6.51814384440014	14.4056838424668
17.0692459612177	6.3610796279197	13.9687074860512
20.3746756875705	6.28072176237068	14.4291106358941
28.544139592719	6.22365730689253	14.9516725880157
8.36441381942559	5.90865598081625	14.3419352049275
13.5232756009387	5.89436892230023	15.2974036507682
32.281123192881	5.84522280548002	15.9226436397371
22.7886026179227	6.1029069870037	13.8444311603742
39.4614070087849	6.01352237547706	12.3820762240301
40.3165181655453	5.94704225214154	11.6148990272786
30.5176339495809	5.93270719686803	14.717294495215
28.2400020434089	6.95272245986861	15.0011021739175
4.1123225059699	6.81794053207598	17.4423094208512
4.87580544321175	6.90901835152949	17.420017677512
39.4854061938047	6.91329615937628	12.539598044997
26.9420539321293	7.01123521683807	15.9770886011323
34.63783127027	7.02514910930072	13.7868391884872
7.27059511196717	7.08199808545917	14.7295045406125
9.89376281348094	7.00997835852135	13.9196450440801
20.1593866297306	7.00696007309933	13.8652412426077
28.9837437855029	6.82543310058185	14.402396448793
24.7019231695711	6.30987524834125	14.6764561427134
25.4961253353957	6.49957620130291	15.6068082916527
31.7848609211118	6.44151995086312	15.2301743273906
17.9078192714524	6.54323816098085	13.7251779979605
19.5264734924378	6.54645355335259	14.0762670220044
23.4085646164475	6.4653720281725	13.7474558999468
3.35402702711551	6.85259204746978	16.4725278236271
27.5762648077615	6.61349579534452	15.5913582562166
38.3613995313939	8.30628067569356	13.1798021669782
35.4990765425596	10.1135066479404	12.7596490758638
39.9078637859192	10.2115830405431	12.2044399097106
39.1609839225473	9.98575939873959	12.4241466683916
4.85578323038964	10.4868724432334	14.6459344796552
3.91553371966849	10.5548194751424	13.9891374701784
17.6370298412944	10.0664919775115	14.7856392389109
23.3745629788483	9.92452360640954	14.7114853054821
28.2510910749964	9.83690057238037	13.088115050739
36.4333164877567	9.88865167360808	12.6960116743491
38.20713264316	9.87729427724869	12.6910088519575
40.5115418045464	9.77294247499313	12.0428268682614
2.67874075830354	9.90703024626338	12.8155088413042
24.1228972079358	9.87749509753083	14.0858853310986
7.16115254419568	10.0157510892176	15.8985256919978
3.44717597735692	9.91757203825001	13.7786187564725
6.27805026513395	10.1782207763892	15.394937164717
15.7872865232954	10.232610306569	15.4992254930191
22.6288232776436	10.3987698014545	15.5251757882339
35.1330114772081	10.8907109195204	12.7435186764759
16.1597284773209	10.943044232655	16.0177272674578
22.0589230930157	10.9909035429712	16.2247359440149
34.1972980089788	10.9629188046974	13.2089425374233
10.6056153669716	11.0953636885993	15.51296942142
15.3175342012357	10.956627988273	16.2728541012431
29.8914297415058	11.0287110621962	12.7516057437376
32.6222812847502	10.9205743185474	13.6747942736825
14.1360398043252	10.5579006749839	15.4703076059661
8.47954833170027	10.5428158291354	16.7214010463233
19.6454098641902	10.4289061665386	15.2240449461237
33.4271630906161	10.6002176742412	13.5807822003281
18.1881120940406	10.6628875751253	15.1147875981795
6.77201589072425	10.76632740219	16.1105553622131
23.4162486257065	10.6666472613141	15.3338327806991
9.21580075945105	10.6968329972268	16.6832253004696
7.5557329427864	10.6550935801165	16.5490451365051
29.1129778180748	9.71038836612535	12.7898412932315
20.8690083235273	8.63058899580729	13.7851844871471
7.90023894704523	8.67083187264711	14.8769959556407
10.3923003478902	8.85353213085323	14.3380284999879
14.7017782769481	8.97911102130961	14.2127280909071
20.1041294132292	8.69513350264505	13.9344942459404
8.60319119087716	9.03467857382241	15.1843011116861
23.2019729367551	9.13840584733672	13.7148936037101
18.0451382511087	8.69157755047438	14.19755961897
11.1856908022242	8.78722401505477	13.7347971898995
5.70006527741237	8.89590402817942	15.0780016119449
13.964975976762	8.73533299338721	13.5862515172694
21.8167072186321	8.73802644699272	13.5831737314155
30.4539778205769	8.73153620930268	13.2839545288366
35.3398303227359	8.80896068094694	13.2314738231111
16.4485713994981	8.63930468712981	14.1672190062705
7.36031248383252	9.2630829195852	15.3979442254801
39.810467589715	9.37836358097625	12.3949040027637
18.1378186960618	9.47668644773608	14.5962861614706
20.6473261375873	9.38937222389096	14.4826305669447
11.3507427103122	9.53985929124292	14.3712835512811
35.8477298506669	9.41320026059731	12.9118056482519
12.9560612062422	9.57081254285567	13.700222460467
33.6087486084562	9.70099141998666	13.9267459748062
10.6000931850533	9.63575792852693	15.0773968827156
34.8880680676214	9.40361877030525	13.2001072898405
25.7837704102074	9.30684472201211	13.4474568908326
23.9538722432	9.09962514978749	13.4323701266655
29.8796635289722	9.28326481282836	12.9665958696165
16.4198741495898	9.33359048557312	14.4154717479696
36.978350742002	9.27622849432268	12.9208076009706
38.7115855674153	9.33947120595467	12.8752622211741
9.878058605059	9.40162594064367	15.1832938979598
21.4186326016363	9.35211849515305	14.7041964123398
11.6823938527796	22.0343960231953	14.8875062171229
4.75493565695738	11.2772063893622	14.9051462322803
38.2672245514582	4.80893471884786	12.4094597735902
30.8339602749742	4.98299053355036	15.472644690288
27.4165867108554	4.86059925514834	15.3024820672772
4.78381390226051	5.03126138521368	16.8350033823264
18.3380730779129	5.04989857163855	14.5484199963866
23.7388110860887	4.88470012858	13.9045830203865
36.4637558276279	5.07443602644058	12.6321349138912
7.20609699773693	5.13766688131012	14.7574272633069
24.4891252173591	5.04898282937054	14.1585388875027
22.8342056676979	4.72982758011268	14.0212817378665
12.6481773480279	4.49067365368003	15.7611889555113
13.3690639475021	4.46178864480425	15.9964680373718
2.14570423600032	4.619152608884	13.9966441830485
2.9241741041246	4.57913875039891	15.1636902599165
10.3648888510895	4.53993163718194	15.7290720665952
19.9967654395289	4.58008085177729	15.7677209394434
11.114418250651	4.89221410935039	15.3593612774147
17.6683505798095	4.65586005969701	15.0488163719869
4.19317532398148	5.51418385670751	17.2621552262055
14.6935783440463	5.61755229212244	15.8081011352664
38.8655898371192	5.38617011320209	12.5681976810623
26.9270997490583	5.51734918948611	15.5547982026106
5.87953835180401	5.77477108470735	16.2889414743527
9.11797602994312	5.73048355310478	14.6121841370252
19.5893050126842	5.82507696233768	14.6243171642648
35.9209928222589	5.77434594153796	13.0260594631457
5.11489499784296	5.70816220005099	17.3050771518943
21.2924206397289	5.16117541759213	15.1699665322871
7.91244787332207	5.26688363084912	14.6215987457751
9.64978023142913	5.19723063826441	14.9110177916598
10.442930549238	5.30260054317891	15.0655757797257
15.5207101071723	5.44830932106559	15.5402717385832
23.1288654335362	5.43431490824083	13.859438302213
26.1853466597453	5.38948391927749	15.4384865106897
16.8898330857836	4.7202577346542	15.2577824327456
14.0750814298244	4.25685383921274	16.0023415954496
27.5895370718406	4.10364174730151	14.8035237660228
11.0414451962445	4.08514770118141	15.7701144227459
37.3695874151571	4.00227513075248	11.7806668059114
5.80488461031286	4.05823544459869	14.8137167801773
13.7532144976297	11.2312490628874	15.730836389384
15.9742247885895	18.05193396066	18.6719301805996
23.6884879363033	18.1886689812592	13.6245542499743
4.81248730667277	18.5651815179213	15.6612377451359
2.63234492961541	18.2790709624032	15.5988074465504
11.1727196318412	18.5120772798643	16.139933197968
39.8797051792201	17.9571758195255	12.4066063508597
20.6164273919672	17.7820747925563	13.9772579127861
14.5647525960358	17.7904547231074	18.1040947011337
31.0154428547606	17.7638543810098	14.8919464268894
40.6044235173333	18.0220281752593	11.5138574022079
8.44281319076446	17.9678467539557	17.0102042875837
13.7015016483013	18.0778841314172	17.3094015409902
16.7289816306218	17.9577934349018	18.3319358927206
28.913568497664	17.8749663080828	15.0514770100317
4.68753279122832	17.7439517946953	15.2931424444948
12.999620625437	18.5060541193035	16.5122811918903
5.5547653797046	18.5227059665848	15.3264226677464
33.6463189997945	19.0799778977979	14.0245161451355
16.1288130814958	18.8144970707525	18.4995095101297
30.041849357145	18.8375680826147	14.8216209669027
17.9005154372971	19.0961939592744	16.2494783387555
19.5073490167314	18.9817455603487	14.8658804484838
14.3371135947925	18.5072726905738	18.0302155756273
24.1218692655612	18.8999460682885	13.9674459757098
20.4886575419118	18.5644526587331	14.2280692733831
34.353585496614	18.766971463247	14.323513864763
38.3032105131835	18.6373401110391	14.5037786708918
9.59615195690429	18.7340729471016	17.1272307647465
14.5923623968681	11.1897156363862	16.1972062794514
27.752029262409	17.7218028105866	15.2399434008366
12.2896861351052	16.8459962856835	14.460722549838
18.3029595736922	16.7600350015688	16.5533113264695
34.446361975851	16.9830492944937	13.1964996583514
39.421273075706	16.7748391395819	13.3481101595136
15.576532692847	16.8613276555469	18.3990548360759
3.23250909262797	16.9233423378114	15.6337123949915
4.93094069335787	17.0097469054671	14.8657671049995
9.35013239477627	16.9327734024933	16.1341452325593
7.58973937334604	16.7655222414345	16.1156136138976
16.4831972137369	16.5811568264509	18.3946604052267
29.846164612671	16.3192488964663	14.752335507054
33.9189973110914	16.3511373402244	12.4241594168959
8.90763952809709	16.3172566684191	15.7772097589859
20.5771189176109	16.5188546505302	14.4067340800906
5.70064064910829	16.7587883096072	14.8844720630427
14.7787453540999	17.0252541946166	17.6410575799237
3.92230405755548	17.4276742638269	15.5746523082457
16.187230282054	17.3026336734817	18.462128905562
11.8880239524174	17.5557252893092	15.0645701873842
22.0462437119897	17.6451776535338	13.714003498673
22.8919499611403	17.368574763437	13.5077549253612
11.1004112145657	17.6605294985339	15.3504917016714
39.0978996718351	17.5534240983266	13.596351812328
3.19139773865612	17.7627432259226	15.7768691686143
15.327570849584	17.6100690380842	18.4561500112045
19.2968666605287	17.0774940662679	15.1364201568268
20.0680040768851	17.1641376773827	14.443386437248
24.7109251124445	17.0119235321534	14.0435099579151
33.6732050448354	17.1401595203998	13.0673641950396
40.1944891597025	17.2249118904923	12.3010300854999
16.9923989902995	17.2491511868698	18.2934032809542
17.7622830124762	17.3110341513878	17.3596741909132
23.3623070202911	19.0679837502308	14.2777060003394
6.16817467529316	18.9580178207351	15.3077962990334
6.8775020924803	19.0901681782741	15.4370089070703
7.00458544931437	20.9101918310901	14.7818640118186
21.4931789026393	21.041385198437	15.5702942545854
10.6166393554256	21.1167921570128	14.620876276653
14.1261996413104	21.042259881428	17.3852541512789
15.487312873756	21.334653985774	17.2445235663152
31.2565836682956	21.0696641367554	13.4417275781532
16.1874111728304	21.0414655691719	17.3009117362118
14.8755272679547	20.7796903288858	17.6199607330181
13.3885825478073	20.8023043526884	16.9527156127827
24.4729737758322	20.7383331198756	14.8806974876396
40.4969889479428	20.5708302539636	11.619006368584
12.6556797881155	20.9243085375346	16.0768911508994
19.8461794860516	20.7265004978345	15.5147487299168
5.99722120870967	21.1353055992884	15.4180173608384
29.9340212915951	21.3834026344615	13.5876724045655
10.0193985646682	21.6202603379309	14.2147038211755
4.25732565533634	21.8261944298131	16.4742312830569
32.6088217745907	21.8030592241802	13.5154570161823
35.7210944105568	21.7807045148783	15.226735505608
15.7268702756	22.0951214685408	16.4764247008471
21.3926056679505	21.837968976012	15.961863355193
9.24757430630539	21.3375147606393	14.098299532356
35.1630548850689	21.2814379883029	15.5275911861274
8.42825424107409	21.3990210976936	14.0535569751039
19.6626991446391	21.4464749399118	15.9280451894718
36.6628603084309	21.5961378687285	14.7794198251995
14.7679367456722	21.5294474707533	17.0786168395055
2.38919050603338	21.594054191751	14.9601552424134
12.3565206866291	21.6512423405481	15.5088064510303
33.3918143617026	21.5397255701024	14.4925440071072
6.63646821268626	21.59844180194	14.9478762356958
30.649615157855	21.5145223009918	13.3094399134866
18.0482686782071	20.6809690216061	15.7237103496597
29.570740484984	19.5435593527677	14.2397621775763
36.7659720084356	19.6274760846101	15.8731922921722
39.5488715430988	19.517663625568	12.6687149741448
15.5552469366648	19.3682308017086	18.3418974246155
25.7800838826044	19.6407938088123	14.4030711137791
33.2869305780461	19.7539647462694	14.2671390536935
40.2918073593987	19.8235584383379	11.8079482311575
35.1608090774339	19.544352855503	15.6325100713311
14.6837623005545	19.2726618120802	18.208328311179
28.6304472358094	19.437422524966	14.0581096318923
20.1974825570332	19.3075685985444	14.7442404370783
31.8002163289502	19.1661699063892	14.5549415762777
6.25269220447331	19.7085168906985	15.3220429355052
25.9125523701261	20.4258544236417	14.6867959854277
28.3062555913035	20.287668517697	13.9553550087206
34.155155622022	20.4315838488385	14.8629298931661
29.703846127682	20.2527433930814	13.9692978695589
15.592715544963	20.5414650798355	17.8291109290538
5.58662559856171	20.4434878356113	15.9630716350224
27.5359675877998	20.4498675299713	14.2444680348064
6.36505237681611	20.4566866768538	15.4099682045264
36.8014590060477	20.4048982195908	15.2199448588903
29.0063688811532	20.1015300883801	13.998885713569
14.9691111212777	20.0061979200251	17.9634345342247
13.2220656794077	20.0593939898056	16.9338389716665
14.9666342421892	16.2041037517802	17.181896184039
32.1769647099614	16.4006896932741	13.1741364984707
8.04159849360681	12.9868637379823	15.7091493430132
11.8518594196189	12.9692506972563	13.8779055774119
32.2255552634284	12.8455232751889	12.5163980750809
8.77726518875457	12.7873184123449	15.749890302712
38.3930160428088	12.7253124349851	11.3154547189188
23.5348364246461	12.6112393243392	15.9858352285802
36.2591051867875	12.5341224644471	11.9441130013439
13.6006610090826	12.7804393152032	15.2642621660313
27.6561852604503	12.3865250072628	12.8933059363638
30.4287936969177	12.4388720922823	12.4882806653407
14.8792950943546	12.5157089165689	16.5090180266933
20.5664495379164	12.4454666504189	16.025123433942
25.8640554467673	13.4064719994216	13.8908132595405
38.0283332463535	13.3759892395253	11.5022690709147
11.1855121305054	13.4303662961498	13.5558534163391
16.0579548478668	13.2946394375817	16.1738153754995
8.48537523679546	13.6043086513594	15.0178256287845
17.5592544621809	13.4787798546483	15.6680821499383
22.1320678847866	13.4882584824469	15.7261840249515
31.846163869462	13.5100268839678	12.2799462018845
34.6638413416246	13.7004963316849	12.746362989223
38.9280515395764	13.5270033014182	11.7950239672896
14.3084503630998	13.0298928322137	15.783819512081
13.673893582674	13.5333089769752	14.8607516412887
15.2580931206111	13.185392898708	16.3101222416973
29.4648420451074	12.9265089007543	12.8989741924561
4.34065028472406	12.9915389786456	15.1684921934389
19.9236634756148	12.9569184897618	15.8165664500558
25.175428369571	13.0253710245089	14.2536928594792
36.5745843172445	13.2426288763884	11.6535086401502
35.6008275857001	13.1283689403914	12.3000777235929
10.4404555764768	13.2979591938695	13.9679095100815
28.7651099319403	13.2835372004588	13.4691028583825
39.0086455790938	12.3009262756801	11.4027832863195
35.5178089128079	12.2802628199282	12.5594158215408
33.9668453501607	12.4034116261469	13.0897322967248
28.1507435307301	11.4285604447442	12.5577736854836
35.7140084036468	11.5404539960949	12.4476606314499
25.121392678486	11.4901801332907	13.9315417512197
25.8493924331816	11.6512806619364	12.933890564398
13.2672538093286	11.8114332494319	15.2718764266575
15.7029602559256	11.5939283680056	16.5206796213768
15.0141116509417	11.7983763085545	16.5562872346593
23.5418089856322	11.4086473512998	15.751429019967
21.3215898713817	11.0167838566998	16.3243295557232
8.06189661256157	11.2078344963631	16.8651143618128
19.901939205581	11.1414436681189	15.616810702257
6.35444423621039	11.4155638804938	16.0849357418947
29.0917378583892	11.3996120276893	12.6212026408117
2.27674103116059	11.1625161219042	12.1771284468919
8.79521127051796	11.3623359232295	16.8915325252318
22.7711565234742	11.2012420650408	16.2802419739419
22.2586732055972	11.7686235538573	16.6711936558987
30.4096571921426	11.6170391526904	12.8218106351332
26.6214432280275	11.9627746951149	12.8059710465922
31.0694319081494	11.932826250595	12.7211073252004
9.09050127674481	12.0652071563883	16.4006816446787
11.8723448663553	12.188280146504	14.4760245924811
12.600700305541	12.2999932069854	14.7980475394981
3.67681323727508	12.3262252918347	14.349352230102
31.9630053336289	12.137576199834	12.8235928925722
23.0283407648426	11.9551313334885	16.4271231457874
18.8169581963948	11.9639514883415	15.5271952205432
17.3205486106553	11.9769206271521	15.8183717136371
38.7817399397388	11.5542184366891	11.5890931015946
10.5641086413503	11.8058940149685	15.4476423301867
27.3752134893794	11.7085599180333	12.63137273489
32.5874042710166	11.7205278957685	13.2796817382254
36.5419314270948	11.7816854565946	11.8574152368667
21.4799726815031	11.7811059564714	16.6271076538369
6.46894323657408	12.130336555954	16.0992380476775
16.4676533685302	11.8127262135916	16.3782534513378
3.78691473928659	13.5555389401501	15.2554045918314
25.0970245589928	12.2617132651922	13.9978000729429
14.6891852916905	13.724168492712	15.5707617446835
2.18894620035133	15.4300038216618	14.809003862824
23.7272159104218	15.4832680059717	14.351801268736
19.6393656113689	15.3768510557002	15.2130899039177
40.1031224189596	15.4818917154392	12.9280066669391
5.6942780377354	15.5237418491373	15.1780191411497
29.583284556271	15.5110914437224	14.6507367844278
8.99884708370842	15.6051781793757	14.7828809996714
14.738102420829	15.4639584134452	16.0553700457632
6.41444261780902	15.4058140695292	15.090797857567
35.2750097524787	15.2175085163624	12.7396382341794
36.7817226854314	15.07471068318	12.7923616372935
8.406432185248	15.1611121134608	14.7688503057727
15.4447948841144	15.1434780352324	16.3509571521986
13.0730713091494	15.4950882252659	13.7071201263005
22.9681095337477	15.2394615324695	14.3972483306917
7.61834596156616	15.2322371722811	15.2124479337631
11.3638898461433	15.2761423871347	12.9665492735129
34.2488738624161	15.3862076316772	12.5318974402076
20.5132601025739	15.6343614675671	14.7290460988089
38.698616838983	15.9713429013812	13.5906468453061
39.4780594772298	16.0056098279528	13.3588841058808
6.24393560420093	16.1711598383026	15.108447746562
19.9040197867515	16.1693553004637	14.9237227038924
37.9138831691919	16.1906249358366	14.0912092907431
28.0824722360268	16.2203171209036	15.9463400859283
25.0508139064285	15.6356010609666	14.784423981478
32.4827583284559	15.6845514405788	12.4889149095319
22.3807789542801	15.8380202376975	14.2144255563539
3.42285837787369	16.1071892189845	15.7147808064131
16.7267401884435	15.8088051437576	17.4672244910277
18.1748199796007	15.9501937002103	16.4835631638814
31.4031463877404	16.2878124918519	13.7457158331431
13.9498725951486	14.2036892160831	14.5464007740232
26.0621768513428	14.2148728843424	14.5221576794795
27.4330071740157	14.1098521583059	14.5470375642713
31.8893324724085	14.3094305580581	12.1123981862734
20.5602157359488	14.2071026103366	15.2051666344157
10.04839382892	14.2095376688466	13.5092826966249
10.5893646170019	15.1547813254884	13.1475057826055
37.2878083527811	13.5830806444672	11.422897614908
6.57211641372193	13.8492833566843	15.3648353194036
19.0984608773782	13.7065612127381	15.6277330581929
24.2222740225684	13.9345804628683	14.7454673414719
19.9081921871323	13.717254082725	15.5054137057146
39.8272539584245	13.7755216714429	11.8885447538594
26.680933353001	13.8093404890799	14.28332476879
18.3220966471052	13.4360065498167	15.6173774272162
29.1931302313804	14.7440706166172	14.7334137538186
39.2190451645597	14.3151439399617	12.4260768345233
20.2599812071907	14.89269093818	15.0091635221511
20.9784609133632	14.8788713544002	14.7507313167098
36.0008569442199	15.0072414106396	12.7782527088886
27.6878240549069	14.8314965386241	15.2901182157572
18.6319637556182	14.3230601582027	15.7580494327247
37.3968486987785	14.6096111994576	12.0788991200878
7.90484077572489	14.5083912803483	14.7863063195357
5.99551738070014	14.7526515301143	15.197754040824
