0.238095238095238,0.00184886293165158
1.19047619047619,0.00606301727868846
2.14285714285714,0.00869676573872862
3.0952380952381,0.0106164854659115
4.04761904761905,0.0121383512748069
5,0.0135759099387711
5.95238095238095,0.0147195792500469
6.90476190476191,0.015683948071901
7.85714285714286,0.016640314760149
8.80952380952381,0.0173655449063489
9.76190476190476,0.0181891684612539
10.7142857142857,0.018861761159427
11.6666666666667,0.0194539926796889
12.6190476190476,0.0202039350036318
13.5714285714286,0.0206896940198456
14.5238095238095,0.0212214023797651
15.4761904761905,0.0217722865657042
16.4285714285714,0.0222697658344555
17.3809523809524,0.0227853899058121
18.3333333333333,0.0232199448478433
19.2857142857143,0.023730772874425
20.2380952380952,0.024195828029541
21.1904761904762,0.0246477214838299
22.1428571428571,0.0251879844568742
23.0952380952381,0.025420941960934
24.047619047619,0.0258657533129528
25,0.0263048387941931
25.952380952381,0.0267075436977564
26.9047619047619,0.0270862525347738
27.8571428571429,0.0274631563200946
28.8095238095238,0.0278313133969216
29.7619047619048,0.0282875291167927
30.7142857142857,0.0286319739639077
31.6666666666667,0.0289814637975364
32.6190476190476,0.0291189332864157
33.5714285714286,0.0295294444677764
34.5238095238095,0.0298255201646081
35.4761904761905,0.0301054665688207
36.4285714285714,0.030480472392997
37.3809523809524,0.0308357286195041
38.3333333333333,0.0312482753483916
39.2857142857143,0.031597060983441
40.2380952380952,0.0319790097562937
41.1904761904762,0.0323042042295577
42.1428571428571,0.0325525512380847
43.0952380952381,0.0329477170355823
44.0476190476191,0.0331201110656014
45,0.0334239641619202
45.9523809523809,0.033740028484144
46.9047619047619,0.0340717271371042
47.8571428571429,0.0344671371855675
48.8095238095238,0.034724905482859
49.7619047619048,0.035105181576913
50.7142857142857,0.0353138198505802
51.6666666666667,0.0356397560666116
52.6190476190476,0.0359933499374519
53.5714285714286,0.036111482793148
54.5238095238095,0.0362604443762502
55.4761904761905,0.0365797014381651
56.4285714285714,0.0368835683087607
57.3809523809524,0.0371624208331748
58.3333333333333,0.0374547989399533
59.2857142857143,0.0379168426705537
60.2380952380952,0.0381807210215999
61.1904761904762,0.0383739663127662
62.1428571428571,0.0387244225346722
63.0952380952381,0.0389639958155152
64.0476190476191,0.0391318606361485
65,0.0394115679911643
65.9523809523809,0.0396152929423487
66.9047619047619,0.0398535625029486
67.8571428571429,0.0402535958812554
68.8095238095238,0.0405478626749407
69.7619047619048,0.0409079118264858
70.7142857142857,0.0411115263110638
71.6666666666667,0.041404014761755
72.6190476190476,0.0416505181917656
73.5714285714286,0.0417763633027272
74.5238095238095,0.0420343548303449
75.4761904761905,0.0423191896238878
76.4285714285714,0.042572579636566
77.3809523809524,0.0428939796452835
78.3333333333333,0.0433031748354593
79.2857142857143,0.0437845386213584
80.2380952380952,0.0439433425939989
81.1904761904762,0.044141988552809
82.1428571428571,0.0444331403219826
83.0952380952381,0.0447442122001455
84.0476190476191,0.0449285562811315
85,0.0451075477689301
85.9523809523809,0.0453955108493039
86.9047619047619,0.0456555710042812
87.8571428571429,0.0460823849476055
88.8095238095238,0.0465033274376041
89.7619047619048,0.04666184263679
90.7142857142857,0.0469518979680192
91.6666666666667,0.047079941747771
92.6190476190476,0.0473797141845413
93.5714285714286,0.0474702828366313
94.5238095238095,0.0475983090930666
95.4761904761905,0.0478993705049869
96.4285714285714,0.0482225411662605
97.3809523809524,0.0485684604313884
98.3333333333333,0.0489928836113892
99.2857142857143,0.0492631936885263
100.238095238095,0.0495110556928666
101.190476190476,0.0496682626462746
102.142857142857,0.0500105428346237
103.095238095238,0.0500342303889677
104.047619047619,0.0503068519229847
105,0.0506699892222273
105.952380952381,0.0510799193658965
106.904761904762,0.0514593084408514
107.857142857143,0.051883578945802
108.809523809524,0.0520126882584002
109.761904761905,0.0523283508487001
110.714285714286,0.0524157773101286
111.666666666667,0.0527285055642338
112.619047619048,0.0528689945872186
113.571428571429,0.0530397456390539
114.52380952381,0.0533645729115586
115.47619047619,0.0536881623836541
116.428571428571,0.0540819536289876
117.380952380952,0.0545245850065182
118.333333333333,0.0547587601157529
119.285714285714,0.055092776278524
120.238095238095,0.0552581518924539
121.190476190476,0.0556816696081934
122.142857142857,0.0556871791863613
123.095238095238,0.0559037362608905
124.047619047619,0.0561321426314657
125,0.056393685360333
125.952380952381,0.0568058658196285
126.904761904762,0.0572492351366037
127.857142857143,0.0573638988370255
128.809523809524,0.0576511304617513
129.761904761905,0.0577611280257429
130.714285714286,0.0581181594205811
131.666666666667,0.0581556375793047
132.619047619048,0.0584852792832396
133.571428571429,0.0588844031893509
134.52380952381,0.0591596676691346
135.47619047619,0.059488785039643
136.428571428571,0.060001117901
137.380952380952,0.060057610063407
138.333333333333,0.0603724443884932
139.285714285714,0.0604764380545676
140.238095238095,0.060827418164369
141.190476190476,0.0610437791032572
142.142857142857,0.061325363540172
143.095238095238,0.0616939735867111
144.047619047619,0.0618865041789849
145,0.0622389532926352
145.952380952381,0.0627021919946947
146.904761904762,0.0628164175320744
147.857142857143,0.0631549620300394
148.809523809524,0.06318191497549
149.761904761905,0.0636682030574948
150.714285714286,0.0637011788928768
151.666666666667,0.0640243331388021
152.619047619048,0.0642355472621941
153.571428571429,0.0644792011662925
154.52380952381,0.0647507756936796
155.47619047619,0.0652389509209648
156.428571428571,0.0653784923361933
157.380952380952,0.0656535965506417
158.333333333333,0.0658128065716375
159.285714285714,0.066228706329275
160.238095238095,0.0662449182256804
161.190476190476,0.0665032919146529
162.142857142857,0.0665737987578796
163.095238095238,0.0667817006309425
164.047619047619,0.0672115378750407
165,0.0676864523312978
165.952380952381,0.0678557525201273
166.904761904762,0.0680767375964233
167.857142857143,0.0682045427355205
168.809523809524,0.0685508249334377
169.761904761905,0.0685047108851869
170.714285714286,0.0688404929222248
171.666666666667,0.0690389904509607
172.619047619048,0.0693919894522905
173.571428571429,0.0697687764580192
174.52380952381,0.0701404792477554
175.47619047619,0.0702869687252927
176.428571428571,0.0706307446691092
177.380952380952,0.0706909720191803
178.333333333333,0.0710677539399584
179.285714285714,0.0711295246724823
180.238095238095,0.0713622258664185
181.190476190476,0.0715605781193655
182.142857142857,0.0719588049655439
183.095238095238,0.0724584000093766
184.047619047619,0.0727422369497631
185,0.0727734513589472
185.952380952381,0.0732376606107934
186.904761904762,0.0732723883614455
187.857142857143,0.0736443627524463
188.809523809524,0.073644453914902
189.761904761905,0.0739324936737065
190.714285714286,0.0740859964088635
191.666666666667,0.0744603391383249
192.619047619048,0.0749809757723227
193.571428571429,0.0753562153355019
194.52380952381,0.075437073113363
195.47619047619,0.0758130577837581
196.428571428571,0.0758052008573526
197.380952380952,0.0762407521098523
198.333333333333,0.0763684519403251
199.285714285714,0.0765984956185304
200.238095238095,0.0768925819353237
201.190476190476,0.0772352274068837
202.142857142857,0.0776660157076656
203.095238095238,0.0781322283593904
204.047619047619,0.0781993677333398
205,0.0788149542644665
205.952380952381,0.0789436317282281
206.904761904762,0.0793191986919344
207.857142857143,0.0794140838342863
208.809523809524,0.0795608342338008
209.761904761905,0.0797638152163568
210.714285714286,0.0800825129976145
211.666666666667,0.0806074760813883
212.619047619048,0.080900174614813
213.571428571429,0.0810564545354006
214.52380952381,0.0813407516939213
215.47619047619,0.081558062521055
216.428571428571,0.0820905334263773
217.380952380952,0.0820819243662287
218.333333333333,0.0822449688969947
219.285714285714,0.0821993939607131
220.238095238095,0.0824663202091232
221.190476190476,0.0831179570688408
222.142857142857,0.0834832503084
223.095238095238,0.0835026278999514
224.047619047619,0.0838346123262254
225,0.0841401109131683
225.952380952381,0.0846671832901312
226.904761904762,0.0845739657961169
227.857142857143,0.0847783035946818
228.809523809524,0.0847698850138246
229.761904761905,0.0850410330227873
230.714285714286,0.0855265524760185
231.666666666667,0.0858109882233788
232.619047619048,0.0858693036457323
233.571428571429,0.0863310352863749
234.52380952381,0.0866784343811244
235.47619047619,0.0871792909015492
236.428571428571,0.087122407806531
237.380952380952,0.0875087772104513
238.333333333333,0.0874084040225989
239.285714285714,0.0877077605121413
240.238095238095,0.0879976117446409
241.190476190476,0.0882472527876972
242.142857142857,0.0882819603160893
243.095238095238,0.0887762956422391
244.047619047619,0.0891398591721977
245,0.0897553024128205
245.952380952381,0.0896871862499583
246.904761904762,0.0899127799819572
247.857142857143,0.0899992846194642
248.809523809524,0.0904739777182196
249.761904761905,0.0905992981209993
250.714285714286,0.0909718807189615
251.666666666667,0.0910822558236993
252.619047619048,0.0916056462367867
253.571428571429,0.0920782689846144
254.52380952381,0.0927081392673379
255.47619047619,0.0926125470383757
256.428571428571,0.093028633934518
257.380952380952,0.0929138015355519
258.333333333333,0.0934125062529539
259.285714285714,0.0935394143994509
260.238095238095,0.0939226401130018
261.190476190476,0.093952316902074
262.142857142857,0.0946022757299924
263.095238095238,0.094889214920716
264.047619047619,0.0955517631229398
265,0.0954813241757118
265.952380952381,0.0957276844635424
266.904761904762,0.0957954777796382
267.857142857143,0.0963180845972247
268.809523809524,0.0965262875951031
269.761904761905,0.0968111816899299
270.714285714286,0.0967069244476441
271.666666666667,0.097288045543212
272.619047619048,0.0976635835517109
273.571428571429,0.0984312204921112
274.52380952381,0.0982986767859204
275.47619047619,0.0985828099698119
276.428571428571,0.09866193305818
277.380952380952,0.0991693827068345
278.333333333333,0.0996262173107417
279.285714285714,0.0996996314174053
280.238095238095,0.0997155912765904
281.190476190476,0.100442565646944
282.142857142857,0.100541195929447
283.095238095238,0.101269266971029
284.047619047619,0.101115515026944
285,0.101261399054822
285.952380952381,0.101678577513963
286.904761904762,0.102174174612627
287.857142857143,0.102497248463024
288.809523809524,0.102856732602656
289.761904761905,0.102706945156304
290.714285714286,0.10363770573656
291.666666666667,0.10355052690151
292.619047619048,0.104491193701464
293.571428571429,0.104365769733394
294.52380952381,0.104297705200932
295.47619047619,0.104401556358726
296.428571428571,0.105170833483751
297.380952380952,0.105485850304469
298.333333333333,0.105633013409351
299.285714285714,0.105497104682333
300.238095238095,0.106349653985134
301.190476190476,0.106188524898788
302.142857142857,0.10710584891965
303.095238095238,0.107092391088251
304.047619047619,0.107239147075812
305,0.10761435286017
305.952380952381,0.108055071723774
306.904761904762,0.108387731286221
307.857142857143,0.108844212712468
308.809523809524,0.108678396039571
309.761904761905,0.109620966357426
310.714285714286,0.10932293927209
311.666666666667,0.110407940996408
312.619047619048,0.110186304431359
313.571428571429,0.110311778733767
314.52380952381,0.110857973213699
315.47619047619,0.11157196966277
316.428571428571,0.11177213354714
317.380952380952,0.112252762617667
318.333333333333,0.111994491265005
319.285714285714,0.113003283640295
320.238095238095,0.112757328763387
321.190476190476,0.113617356330281
322.142857142857,0.113542191421054
323.095238095238,0.113569349658842
324.047619047619,0.11393212300861
325,0.114573462825775
325.952380952381,0.114738161972469
326.904761904762,0.115172071968767
327.857142857143,0.11491070622656
328.809523809524,0.115814615890965
329.761904761905,0.115684377147392
330.714285714286,0.116296083727919
331.666666666667,0.116079782149012
332.619047619048,0.11659251558998
333.571428571429,0.117158950876339
334.52380952381,0.117940107705565
335.47619047619,0.118195412609774
336.428571428571,0.118506971809723
337.380952380952,0.118320194520306
338.333333333333,0.119002675732222
339.285714285714,0.118937067963004
340.238095238095,0.119682743050124
341.190476190476,0.119314252458778
342.142857142857,0.119743762499923
343.095238095238,0.120499983556934
344.047619047619,0.121176486907511
345,0.121449788157961
345.952380952381,0.121941678260441
346.904761904762,0.12180991849493
347.857142857143,0.122487783363206
348.809523809524,0.122551147656973
349.761904761905,0.123022655939743
350.714285714286,0.122686892662438
351.666666666667,0.12334388613316
352.619047619048,0.12362163157319
353.571428571429,0.124299438776979
354.52380952381,0.12447187658512
355.47619047619,0.12494805451419
356.428571428571,0.124826462018675
357.380952380952,0.12563547797788
358.333333333333,0.125493015957924
359.285714285714,0.126066030350401
360.238095238095,0.12578998113744
361.190476190476,0.126101468431703
362.142857142857,0.126477653390719
363.095238095238,0.127299679365519
364.047619047619,0.127306442304719
365,0.127791903419203
365.952380952381,0.127631194827418
366.904761904762,0.128529233322712
367.857142857143,0.128213209279981
368.809523809524,0.128949330925282
369.761904761905,0.128614445321399
370.714285714286,0.128850895990856
371.666666666667,0.128921099502071
372.619047619048,0.12990650111201
373.571428571429,0.12973214667577
374.52380952381,0.13049037519402
375.47619047619,0.130150762208926
376.428571428571,0.131050393466427
377.380952380952,0.130951295311134
378.333333333333,0.131474095474643
379.285714285714,0.131321608556568
380.238095238095,0.131844649122134
381.190476190476,0.132635131043411
382.142857142857,0.133429080969493
383.095238095238,0.133451795534072
384.047619047619,0.133957618787875
385,0.13379543369208
385.952380952381,0.134999394636637
386.904761904762,0.134712706488117
387.857142857143,0.135167757166076
388.809523809524,0.134738372400482
389.761904761905,0.13562807602104
390.714285714286,0.136509812087467
391.666666666667,0.137130160194183
392.619047619048,0.137260795116323
393.571428571429,0.137655762202259
394.52380952381,0.137480960568235
395.47619047619,0.138609057791048
396.428571428571,0.138489021701529
397.380952380952,0.138577428128468
398.333333333333,0.138039402285238
399.285714285714,0.138750724720675
400.238095238095,0.139531484537796
401.190476190476,0.140441605136845
402.142857142857,0.140559304972988
403.095238095238,0.140781159967839
404.047619047619,0.140181043227873
405,0.141591645714282
405.952380952381,0.141386632319895
406.904761904762,0.141218361994543
407.857142857143,0.140898196986058
408.809523809524,0.141821123786154
409.761904761905,0.142294616273758
410.714285714286,0.142984601725359
411.666666666667,0.143029687572597
412.619047619048,0.143548153758079
413.571428571429,0.143182523108113
414.52380952381,0.14397184845476
415.47619047619,0.144306228666789
416.428571428571,0.144306730295912
417.380952380952,0.143873178317841
418.333333333333,0.145168769978864
419.285714285714,0.145190234082491
420.238095238095,0.146222077633318
421.190476190476,0.146241775820251
422.142857142857,0.146614381249493
423.095238095238,0.146202133603963
424.047619047619,0.147140167573369
425,0.147194061061288
425.952380952381,0.14717806668258
426.904761904762,0.146785688399404
427.857142857143,0.147517159018954
428.809523809524,0.148180830570736
429.761904761905,0.149096102212773
430.714285714286,0.149871524449216
431.666666666667,0.150053738304707
432.619047619048,0.14975077373142
433.571428571429,0.150663082023767
434.52380952381,0.151047138960755
435.47619047619,0.150546045637634
436.428571428571,0.150512733604237
437.380952380952,0.150674190015973
438.333333333333,0.15061678120363
439.285714285714,0.151832338078667
440.238095238095,0.152403111689977
441.190476190476,0.152605117340438
442.142857142857,0.152762406923402
443.095238095238,0.152932591985005
444.047619047619,0.153197304339577
445,0.153376960156771
445.952380952381,0.153731992346308
446.904761904762,0.153924158590206
447.857142857143,0.152677338952246
448.809523809524,0.154523899298282
449.761904761905,0.154818505403948
450.714285714286,0.154506407698496
451.666666666667,0.154560262268745
452.619047619048,0.154178114327439
453.571428571429,0.154812989922394
454.52380952381,0.15511543878186
455.47619047619,0.155055042515486
456.428571428571,0.155835387996181
457.380952380952,0.154574301314144
458.333333333333,0.155989868702938
459.285714285714,0.157247904630587
460.238095238095,0.15720150618558
461.190476190476,0.156565634522221
462.142857142857,0.156901395486831
463.095238095238,0.157533889267769
464.047619047619,0.157839164635211
465,0.157164137906497
465.952380952381,0.157675401862939
466.904761904762,0.155498995198099
467.857142857143,0.158426568808904
468.809523809524,0.159005207980282
469.761904761905,0.159475775711901
470.714285714286,0.157524380693787
471.666666666667,0.157366444598144
472.619047619048,0.159292306607458
473.571428571429,0.158091388486293
474.52380952381,0.157250415879192
475.47619047619,0.159554533160163
