0.238095238095238,0.00237886936676701
1.19047619047619,0.00980626264966767
2.14285714285714,0.0158495040584655
3.0952380952381,0.0212449657353841
4.04761904761905,0.0260855132172044
5,0.0303889745344361
5.95238095238095,0.0344186340499175
6.90476190476191,0.0382479184484064
7.85714285714286,0.0416097271880332
8.80952380952381,0.0449438138888242
9.76190476190476,0.0482175177811784
10.7142857142857,0.0512722939948336
11.6666666666667,0.0541187769463906
12.6190476190476,0.0573044795752341
13.5714285714286,0.0602403445877929
14.5238095238095,0.063030228804258
15.4761904761905,0.065518116231923
16.4285714285714,0.068366898190703
17.3809523809524,0.0707218085618764
18.3333333333333,0.0735452359821192
19.2857142857143,0.076244005299531
20.2380952380952,0.0790327233738704
21.1904761904762,0.0812835079435801
22.1428571428571,0.0840932003083502
23.0952380952381,0.0865867698721128
24.047619047619,0.0890428897975298
25,0.0910977631721004
25.952380952381,0.0934542708968382
26.9047619047619,0.0953714673144092
27.8571428571429,0.0981994526281893
28.8095238095238,0.100577385690377
29.7619047619048,0.103156699250687
30.7142857142857,0.104976768080162
31.6666666666667,0.107619689390626
32.6190476190476,0.109994824297323
33.5714285714286,0.112278449512336
34.5238095238095,0.114044481359955
35.4761904761905,0.116433560345087
36.4285714285714,0.118453948220121
37.3809523809524,0.121050053087673
38.3333333333333,0.12344063134316
39.2857142857143,0.126117572441493
40.2380952380952,0.127863245172099
41.1904761904762,0.13024860472771
42.1428571428571,0.132736679811893
43.0952380952381,0.135022142210812
44.0476190476191,0.136962559204228
45,0.139257267708705
45.9523809523809,0.141185540961185
46.9047619047619,0.144098239185454
47.8571428571429,0.146537377047185
48.8095238095238,0.149005509731755
49.7619047619048,0.150751796081218
50.7142857142857,0.153127681226533
51.6666666666667,0.155279393427407
52.6190476190476,0.157340770933866
53.5714285714286,0.159192917262794
54.5238095238095,0.161554742526518
55.4761904761905,0.163286219812713
56.4285714285714,0.166263087996575
57.3809523809524,0.168610954697253
58.3333333333333,0.171102588430022
59.2857142857143,0.172712273776508
60.2380952380952,0.175147276403651
61.1904761904762,0.17701868994558
62.1428571428571,0.179193828223245
63.0952380952381,0.181211283427864
64.0476190476191,0.183488569794992
65,0.185270452018126
65.9523809523809,0.188325617360691
66.9047619047619,0.190601938218684
67.8571428571429,0.19295466084754
68.8095238095238,0.194564891609929
69.7619047619048,0.197274235027447
70.7142857142857,0.199115185752586
71.6666666666667,0.201214487635551
72.6190476190476,0.203317790030824
73.5714285714286,0.2053960408105
74.5238095238095,0.207185118616261
75.4761904761905,0.210150902805717
76.4285714285714,0.212247505327919
77.3809523809524,0.214825771778927
78.3333333333333,0.216548909666424
79.2857142857143,0.219341617726726
80.2380952380952,0.221178163345895
81.1904761904762,0.223071912188641
82.1428571428571,0.225254484874542
83.0952380952381,0.227361446892426
84.0476190476191,0.229088025866162
85,0.232273896372491
85.9523809523809,0.234660742918947
86.9047619047619,0.237151457121082
87.8571428571429,0.238841108763644
88.8095238095238,0.241349900722224
89.7619047619048,0.243239703678049
90.7142857142857,0.245121690114586
91.6666666666667,0.247421890784089
92.6190476190476,0.249642843481282
93.5714285714286,0.251114212102741
94.5238095238095,0.254209100408283
95.4761904761905,0.256919391636929
96.4285714285714,0.259420738943069
97.3809523809524,0.260992818379147
98.3333333333333,0.263348157589922
99.2857142857143,0.26527447494663
100.238095238095,0.267044347882581
101.190476190476,0.269219628427811
102.142857142857,0.271427724667642
103.095238095238,0.272766007041645
104.047619047619,0.275580262238793
105,0.278673954218147
105.952380952381,0.281278589239766
106.904761904762,0.283020489904461
107.857142857143,0.285233544283982
108.809523809524,0.287127065837283
109.761904761905,0.288682932767639
110.714285714286,0.291244427566876
111.666666666667,0.293406853162789
112.619047619048,0.294855547546505
113.571428571429,0.29766872360616
114.52380952381,0.300545296119968
115.47619047619,0.302971908769293
116.428571428571,0.304808838819463
117.380952380952,0.307112703438625
118.333333333333,0.309054937488392
119.285714285714,0.310696745771087
120.238095238095,0.313090649035054
121.190476190476,0.315396670960461
122.142857142857,0.31695700695951
123.095238095238,0.319846558092466
124.047619047619,0.322821056060436
125,0.325481985980656
125.952380952381,0.327169662167126
126.904761904762,0.329182978950874
127.857142857143,0.331006004447982
128.809523809524,0.332441359853349
129.761904761905,0.334985317267294
130.714285714286,0.337492080376456
131.666666666667,0.339243861782058
132.619047619048,0.342249131228759
133.571428571429,0.344699321221079
134.52380952381,0.347350133081738
135.47619047619,0.349337551459072
136.428571428571,0.351709524632647
137.380952380952,0.353562600733504
138.333333333333,0.355350795301888
139.285714285714,0.357843353734893
140.238095238095,0.36010299313666
141.190476190476,0.361785384157811
142.142857142857,0.36488423559289
143.095238095238,0.36766675999557
144.047619047619,0.370235367274923
145,0.371821079892695
145.952380952381,0.374277788332457
146.904761904762,0.376245773416315
147.857142857143,0.377716850729239
148.809523809524,0.380071926852194
149.761904761905,0.382753105799792
150.714285714286,0.384628217931131
151.666666666667,0.387825161084182
152.619047619048,0.390541598691641
153.571428571429,0.392878854522091
154.52380952381,0.394374044859269
155.47619047619,0.396948425152192
156.428571428571,0.398908454382281
157.380952380952,0.40061121322616
158.333333333333,0.403280879954063
159.285714285714,0.406021075822641
160.238095238095,0.407891504961151
161.190476190476,0.411420332587425
162.142857142857,0.413762719912501
163.095238095238,0.415924446889825
164.047619047619,0.417817597716482
165,0.420296181525063
165.952380952381,0.422283297975812
166.904761904762,0.424319728377457
167.857142857143,0.426928764147503
168.809523809524,0.429673328747028
169.761904761905,0.431641701047989
170.714285714286,0.435288479188221
171.666666666667,0.437503995359605
172.619047619048,0.439650945140059
173.571428571429,0.441445932451211
174.52380952381,0.443713982280891
175.47619047619,0.445403905538698
176.428571428571,0.447333468200357
177.380952380952,0.449776004205038
178.333333333333,0.452263685001021
179.285714285714,0.454176437997683
180.238095238095,0.457675185963333
181.190476190476,0.460077314374272
182.142857142857,0.462204870441982
183.095238095238,0.46392341351932
184.047619047619,0.466439891273546
185,0.468092035925317
185.952380952381,0.469984746539369
186.904761904762,0.472054321373377
187.857142857143,0.474988365361908
188.809523809524,0.477039165723194
189.761904761905,0.480358586993919
190.714285714286,0.483028586312125
191.666666666667,0.485089779888594
192.619047619048,0.486988177418454
193.571428571429,0.489592187121689
194.52380952381,0.49132628267171
195.47619047619,0.492950943373376
196.428571428571,0.495132737893304
197.380952380952,0.497582346277044
198.333333333333,0.50000733186984
199.285714285714,0.503275064114324
200.238095238095,0.505810781888033
201.190476190476,0.508292022014369
202.142857142857,0.509869543662134
203.095238095238,0.512277476666105
204.047619047619,0.513893995450269
205,0.515398733063276
205.952380952381,0.517599091377835
206.904761904762,0.520230268317257
207.857142857143,0.522589778708214
208.809523809524,0.525949456931915
209.761904761905,0.528505366552439
210.714285714286,0.531132119035854
211.666666666667,0.532602985757204
212.619047619048,0.534797155638741
213.571428571429,0.5364246022752
214.52380952381,0.538018814886953
215.47619047619,0.540317713283349
216.428571428571,0.542968734859241
217.380952380952,0.545189896363488
218.333333333333,0.548683584158286
219.285714285714,0.551708300594156
220.238095238095,0.55403885893796
221.190476190476,0.555623438224063
222.142857142857,0.557864182110012
223.095238095238,0.559250724468362
224.047619047619,0.560717175390594
225,0.56279020756712
225.952380952381,0.565348614857482
226.904761904762,0.567649993772187
227.857142857143,0.57114596397891
228.809523809524,0.57366233169573
229.761904761905,0.576342796870316
230.714285714286,0.578194162572235
231.666666666667,0.580380784042278
232.619047619048,0.581605239342249
233.571428571429,0.583516988621167
234.52380952381,0.585965770806207
235.47619047619,0.588135781412762
236.428571428571,0.590721185960815
237.380952380952,0.59419150647069
238.333333333333,0.596447282317854
239.285714285714,0.599099634336367
240.238095238095,0.601175075163182
241.190476190476,0.603134698246656
242.142857142857,0.604114668456586
243.095238095238,0.606335094465766
244.047619047619,0.608468203206639
245,0.611073422693688
245.952380952381,0.613569204279264
246.904761904762,0.617043217650306
247.857142857143,0.619079969789925
248.809523809524,0.621465248105337
249.761904761905,0.623947594826471
250.714285714286,0.625924508338999
251.666666666667,0.627166199766738
252.619047619048,0.629080239918047
253.571428571429,0.631151922681821
254.52380952381,0.63399650989837
255.47619047619,0.636536559971703
256.428571428571,0.640772381156562
257.380952380952,0.643287277211968
258.333333333333,0.645964299666393
259.285714285714,0.648018968129837
260.238095238095,0.650269355742243
261.190476190476,0.65166139935432
262.142857142857,0.653929821510657
263.095238095238,0.655604945924846
264.047619047619,0.6584483334378
265,0.661525528878038
265.952380952381,0.665986267288806
266.904761904762,0.668441710549797
267.857142857143,0.671266418531371
268.809523809524,0.673006663822257
269.761904761905,0.675131317855255
270.714285714286,0.676195355985667
271.666666666667,0.677833354093244
272.619047619048,0.679569024409789
273.571428571429,0.68261519882974
274.52380952381,0.685784317572664
275.47619047619,0.690493558878106
276.428571428571,0.693170000282156
277.380952380952,0.695503587779438
278.333333333333,0.697109058459291
279.285714285714,0.699686398559397
280.238095238095,0.700320184975472
281.190476190476,0.702315799319836
282.142857142857,0.703654585509638
283.095238095238,0.706887809568826
284.047619047619,0.710073349522899
285,0.714142548321698
285.952380952381,0.716806280951045
286.904761904762,0.719349361303274
287.857142857143,0.720877297653917
288.809523809524,0.723223122094208
289.761904761905,0.724054087835672
290.714285714286,0.726187082584316
291.666666666667,0.727783854688016
292.619047619048,0.731749656855822
293.571428571429,0.734574797837867
294.52380952381,0.738622213918139
295.47619047619,0.741546512777227
296.428571428571,0.743538555569987
297.380952380952,0.744776725307261
298.333333333333,0.747176990216868
299.285714285714,0.748111869518652
300.238095238095,0.75068915006392
301.190476190476,0.751893817388747
302.142857142857,0.755640317878417
303.095238095238,0.758979166743006
304.047619047619,0.763400103012249
305,0.765119738410563
305.952380952381,0.767666386363339
306.904761904762,0.769177624481709
307.857142857143,0.770763165550581
308.809523809524,0.771541896903923
309.761904761905,0.774052933940419
310.714285714286,0.775810590771215
311.666666666667,0.77922116813155
312.619047619048,0.782295806720664
313.571428571429,0.787114878753064
314.52380952381,0.78941636348114
315.47619047619,0.791829425912272
316.428571428571,0.793533863027683
317.380952380952,0.795188155804065
318.333333333333,0.796138380227587
319.285714285714,0.798372407109506
320.238095238095,0.799817928502317
321.190476190476,0.802708020231673
322.142857142857,0.806049381453449
323.095238095238,0.810550724366709
324.047619047619,0.8130791225507
325,0.815459524020912
325.952380952381,0.817068989706351
326.904761904762,0.818866921257452
327.857142857143,0.81976786339789
328.809523809524,0.821624125601939
329.761904761905,0.82380763619083
330.714285714286,0.827288981478304
331.666666666667,0.830862784168056
332.619047619048,0.835999304868969
333.571428571429,0.838206150317866
334.52380952381,0.840348933812717
335.47619047619,0.842360608682976
336.428571428571,0.843828659972944
337.380952380952,0.843816542342226
338.333333333333,0.84554176013376
339.285714285714,0.846778656719442
340.238095238095,0.850755229885734
341.190476190476,0.854084228868856
342.142857142857,0.858687074954104
343.095238095238,0.862069365466516
344.047619047619,0.86482129277534
345,0.866606826403348
345.952380952381,0.867938310957582
346.904761904762,0.868344540528181
347.857142857143,0.869328239901989
348.809523809524,0.870679911370484
349.761904761905,0.874138211305454
350.714285714286,0.878305632108409
351.666666666667,0.883326938471381
352.619047619048,0.88630008772479
353.571428571429,0.88813300393843
354.52380952381,0.89016200503065
355.47619047619,0.890598615062519
356.428571428571,0.890786142891931
357.380952380952,0.891483291156681
358.333333333333,0.893508558325251
359.285714285714,0.897067559420959
360.238095238095,0.900943441103633
361.190476190476,0.906414391037372
362.142857142857,0.90890058130414
363.095238095238,0.911265072243993
364.047619047619,0.913734395260508
365,0.914218529897997
365.952380952381,0.913896506533335
366.904761904762,0.915198410003307
367.857142857143,0.917523160681451
368.809523809524,0.921190926119162
369.761904761905,0.925299745540028
370.714285714286,0.930334839960349
371.666666666667,0.933055258935523
372.619047619048,0.935061820632983
373.571428571429,0.936818230388958
374.52380952381,0.937788391661369
375.47619047619,0.937198865660127
376.428571428571,0.937666369386315
377.380952380952,0.939857617498661
378.333333333333,0.94420948454853
379.285714285714,0.948013394077503
380.238095238095,0.952764382312671
381.190476190476,0.953675238582342
382.142857142857,0.955469864748496
383.095238095238,0.956470250211468
384.047619047619,0.956928347215626
385,0.956294479243515
385.952380952381,0.957226103561367
386.904761904762,0.95953838071392
387.857142857143,0.964017053404809
388.809523809524,0.967576600719968
389.761904761905,0.972146269141279
390.714285714286,0.976310895472021
391.666666666667,0.979092392326929
392.619047619048,0.980495378389167
393.571428571429,0.981849278923368
394.52380952381,0.980341151434016
395.47619047619,0.981684784257075
396.428571428571,0.984174093424057
397.380952380952,0.98860978932041
398.333333333333,0.990771914458877
399.285714285714,0.994376227836298
400.238095238095,0.996501298463465
401.190476190476,0.998974053666156
402.142857142857,0.999801282266178
403.095238095238,1.00178878911644
404.047619047619,1.00017001254849
405,1.00217084106747
405.952380952381,1.00463263104097
406.904761904762,1.00931107279908
407.857142857143,1.01211670375795
408.809523809524,1.01523454333146
409.761904761905,1.01928469752561
410.714285714286,1.02087882343185
411.666666666667,1.02109805052207
412.619047619048,1.022890003895
413.571428571429,1.0218086947105
414.52380952381,1.02440310928842
415.47619047619,1.0255387406253
416.428571428571,1.03206755297361
417.380952380952,1.0347218919315
418.333333333333,1.03840215024299
419.285714285714,1.04172319971986
420.238095238095,1.04333727923489
421.190476190476,1.04484559939185
422.142857142857,1.04588031387386
423.095238095238,1.04503108865174
424.047619047619,1.04716146192782
425,1.04988098652537
425.952380952381,1.05305069870266
426.904761904762,1.05610393783007
427.857142857143,1.05945435918771
428.809523809524,1.06522685392066
429.761904761905,1.06859219836406
430.714285714286,1.06872087160556
431.666666666667,1.06995044359317
432.619047619048,1.06988144150786
433.571428571429,1.07104272990459
434.52380952381,1.07459349986556
435.47619047619,1.07872955225284
436.428571428571,1.08253139447491
437.380952380952,1.08580635024019
438.333333333333,1.08787653576376
439.285714285714,1.09031242755952
440.238095238095,1.08956167792989
441.190476190476,1.09060727946499
442.142857142857,1.08817509890575
443.095238095238,1.08937348418623
444.047619047619,1.09061385863376
445,1.09669916327952
445.952380952381,1.10246050479804
446.904761904762,1.10559344059427
447.857142857143,1.11177904350223
448.809523809524,1.11573164583698
449.761904761905,1.11370474022505
450.714285714286,1.11554917381384
451.666666666667,1.1130452760475
452.619047619048,1.11376269132257
453.571428571429,1.1142485361398
454.52380952381,1.12054665245777
455.47619047619,1.12847675909808
456.428571428571,1.13279931307153
457.380952380952,1.13832560083923
458.333333333333,1.13867204659651
459.285714285714,1.13497379808821
460.238095238095,1.13344773557826
461.190476190476,1.13115605365076
462.142857142857,1.13296335218581
463.095238095238,1.13170259536082
464.047619047619,1.13773365807727
465,1.14371966350559
465.952380952381,1.14569719119041
466.904761904762,1.15083523719869
467.857142857143,1.15637018691498
468.809523809524,1.15393383212462
469.761904761905,1.14752685249031
470.714285714286,1.14595290075201
471.666666666667,1.15456179049147
472.619047619048,1.14820616473176
473.571428571429,1.15925987040996
474.52380952381,1.16221920855837
475.47619047619,1.16245354901681
