0.238095238095238,0.00197820598791681
1.19047619047619,0.00763477576375568
2.14285714285714,0.0118296483224598
3.0952380952381,0.0153542060387172
4.04761904761905,0.0183383342539506
5,0.0207983101805905
5.95238095238095,0.0230462211972549
6.90476190476191,0.0252592398241711
7.85714285714286,0.0272698091623675
8.80952380952381,0.029128937334301
9.76190476190476,0.0308962522118292
10.7142857142857,0.0324414345214163
11.6666666666667,0.0340989722742567
12.6190476190476,0.0356037417939173
13.5714285714286,0.0370714992732822
14.5238095238095,0.0382873324479594
15.4761904761905,0.0397867583076691
16.4285714285714,0.0412892361729795
17.3809523809524,0.0426884330628222
18.3333333333333,0.0440253722854055
19.2857142857143,0.0451605591277701
20.2380952380952,0.0463709222333036
21.1904761904762,0.0475752791211393
22.1428571428571,0.0486530901499573
23.0952380952381,0.0497568217131721
24.047619047619,0.0506829005660247
25,0.0518373765221495
25.952380952381,0.0532031376994065
26.9047619047619,0.0543179369964928
27.8571428571429,0.0554290821928621
28.8095238095238,0.0564094500449331
29.7619047619048,0.0574787743500874
30.7142857142857,0.0586126961173779
31.6666666666667,0.0597380509735278
32.6190476190476,0.060765809946918
33.5714285714286,0.061684834799129
34.5238095238095,0.0627491653308759
35.4761904761905,0.0638784613102875
36.4285714285714,0.0649286737375556
37.3809523809524,0.0660917305554467
38.3333333333333,0.066923022624344
39.2857142857143,0.0680100730838029
40.2380952380952,0.0689778212602534
41.1904761904762,0.0701644456885229
42.1428571428571,0.0710494735857348
43.0952380952381,0.0719631030963305
44.0476190476191,0.0728755639967728
45,0.0737956846792071
45.9523809523809,0.0747301298937207
46.9047619047619,0.0759738576785456
47.8571428571429,0.0763650887079148
48.8095238095238,0.0772964925690598
49.7619047619048,0.0781773871379055
50.7142857142857,0.0794184725191348
51.6666666666667,0.0803478982112113
52.6190476190476,0.0811928264316188
53.5714285714286,0.0822212952769099
54.5238095238095,0.0830604512440589
55.4761904761905,0.0840066761466147
56.4285714285714,0.0851268784642009
57.3809523809524,0.0855065375474222
58.3333333333333,0.0863413633608423
59.2857142857143,0.0870804580042227
60.2380952380952,0.088342411518946
61.1904761904762,0.0892755871054346
62.1428571428571,0.0900566817851589
63.0952380952381,0.0911375770728852
64.0476190476191,0.0920720088610217
65,0.0931955679890962
65.9523809523809,0.0943146231973533
66.9047619047619,0.0944347910751249
67.8571428571429,0.0953465222388185
68.8095238095238,0.0962461076300538
69.7619047619048,0.0974505599095795
70.7142857142857,0.0983288922432919
71.6666666666667,0.0990261537014326
72.6190476190476,0.100141578468824
73.5714285714286,0.100939930476335
74.5238095238095,0.102089526701539
75.4761904761905,0.103039560723688
76.4285714285714,0.103261904382831
77.3809523809524,0.104232022348922
78.3333333333333,0.104928098538213
79.2857142857143,0.106062257278082
80.2380952380952,0.106868580981709
81.1904761904762,0.107390982361133
82.1428571428571,0.108700919277747
83.0952380952381,0.109624235840515
84.0476190476191,0.11077327579101
85,0.111791294248987
85.9523809523809,0.111864590785374
86.9047619047619,0.11300377821082
87.8571428571429,0.113673289435373
88.8095238095238,0.114765643012139
89.7619047619048,0.115358423411759
90.7142857142857,0.115974161496135
91.6666666666667,0.117206086757511
92.6190476190476,0.118103611503818
93.5714285714286,0.119275154325119
94.5238095238095,0.120275659874064
95.4761904761905,0.120333215222832
96.4285714285714,0.121417881249854
97.3809523809524,0.122032483904592
98.3333333333333,0.122949733043177
99.2857142857143,0.12357477763569
100.238095238095,0.124135944006417
101.190476190476,0.12546464883479
102.142857142857,0.126517154143858
103.095238095238,0.127687444548328
104.047619047619,0.128572847041722
105,0.128800545574717
105.952380952381,0.129899563247886
106.904761904762,0.130428763638482
107.857142857143,0.131346705021005
108.809523809524,0.132037908644709
109.761904761905,0.132495608373042
110.714285714286,0.133811083140389
111.666666666667,0.134885020699587
112.619047619048,0.136063883911479
113.571428571429,0.13735347421955
114.52380952381,0.137354293137963
115.47619047619,0.138448866001327
116.428571428571,0.139057486761764
117.380952380952,0.139961860743465
118.333333333333,0.140693830677744
119.285714285714,0.141260477095128
120.238095238095,0.142532619239077
121.190476190476,0.143764695440545
122.142857142857,0.144701515665348
123.095238095238,0.145858255622145
124.047619047619,0.14554590866227
125,0.146573749907125
125.952380952381,0.147183359773239
126.904761904762,0.148199566266068
127.857142857143,0.148914957146404
128.809523809524,0.149479259158004
129.761904761905,0.150881640139043
130.714285714286,0.152058222962641
131.666666666667,0.152931221804618
132.619047619048,0.154025871838307
133.571428571429,0.153940284137785
134.52380952381,0.154942387688723
135.47619047619,0.155660795760606
136.428571428571,0.156556534924399
137.380952380952,0.157294097523874
138.333333333333,0.157791333714658
139.285714285714,0.159047777913413
140.238095238095,0.160271125631748
141.190476190476,0.161126054108691
142.142857142857,0.16228028957505
143.095238095238,0.161940049477263
144.047619047619,0.162935847711659
145,0.163804212006111
145.952380952381,0.164840215261556
146.904761904762,0.165535054797688
147.857142857143,0.165913457853758
148.809523809524,0.167331859236464
149.761904761905,0.168448844036461
150.714285714286,0.169432659816187
151.666666666667,0.170645832525402
152.619047619048,0.170270787949757
153.571428571429,0.171285171781369
154.52380952381,0.172127525172821
155.47619047619,0.173092860820279
156.428571428571,0.173871494634649
157.380952380952,0.17421932196655
158.333333333333,0.175596671674542
159.285714285714,0.176669175745225
160.238095238095,0.177775722181167
161.190476190476,0.179074857816878
162.142857142857,0.178594608878729
163.095238095238,0.179453392024549
164.047619047619,0.180348106758312
165,0.181214435674008
165.952380952381,0.181896429898681
166.904761904762,0.182396769957618
167.857142857143,0.183707324237347
168.809523809524,0.184844055239507
169.761904761905,0.185930101861318
170.714285714286,0.187393452911693
171.666666666667,0.186999064311162
172.619047619048,0.187997093044708
173.571428571429,0.18903760119616
174.52380952381,0.190013115048689
175.47619047619,0.190693874286991
176.428571428571,0.191262754584769
177.380952380952,0.192664827002592
178.333333333333,0.193839670373674
179.285714285714,0.194931780648941
180.238095238095,0.196351850805929
181.190476190476,0.195939419250027
182.142857142857,0.196910133071039
183.095238095238,0.197980870307849
184.047619047619,0.198845399465484
185,0.19940769633408
185.952380952381,0.19996149698083
186.904761904762,0.201464681533763
187.857142857143,0.202577673897562
188.809523809524,0.203520024113441
189.761904761905,0.205017392212134
190.714285714286,0.204650361505262
191.666666666667,0.205730221814489
192.619047619048,0.20663858960852
193.571428571429,0.207600801712726
194.52380952381,0.208051543909212
195.47619047619,0.208650757746704
196.428571428571,0.209945543317019
197.380952380952,0.21128574389866
198.333333333333,0.212272337868488
199.285714285714,0.213430493572309
200.238095238095,0.212995482292303
201.190476190476,0.213971157459045
202.142857142857,0.214988123799413
203.095238095238,0.215976566095544
204.047619047619,0.216464371315027
205,0.217159394866033
205.952380952381,0.218529752739141
206.904761904762,0.219875994619593
207.857142857143,0.220813590204698
208.809523809524,0.22212896534161
209.761904761905,0.221515729769403
210.714285714286,0.222570306581317
211.666666666667,0.223413028808353
212.619047619048,0.224559667018608
213.571428571429,0.22518044022708
214.52380952381,0.226000595152867
215.47619047619,0.227578275553078
216.428571428571,0.228885576296956
217.380952380952,0.229640917633921
218.333333333333,0.231108089185858
219.285714285714,0.230281364138789
220.238095238095,0.231469761133462
221.190476190476,0.232134697755426
222.142857142857,0.233512923683844
223.095238095238,0.234002088715609
224.047619047619,0.234711883541428
225,0.236332162368138
225.952380952381,0.237463587454555
226.904761904762,0.238372759845905
227.857142857143,0.239808100031116
228.809523809524,0.23910871759992
229.761904761905,0.240223409353956
230.714285714286,0.240825777414632
231.666666666667,0.242480216542032
232.619047619048,0.243072798504495
233.571428571429,0.243474983195779
234.52380952381,0.24504014290724
235.47619047619,0.246448239267787
236.428571428571,0.247295096018808
237.380952380952,0.248909549947733
238.333333333333,0.248247427847766
239.285714285714,0.249443990036138
240.238095238095,0.250078096142733
241.190476190476,0.251558232899499
242.142857142857,0.252267165617547
243.095238095238,0.252756019490497
244.047619047619,0.254165483632369
245,0.255480359541645
245.952380952381,0.256455516039765
246.904761904762,0.258178752847545
247.857142857143,0.256812435961024
248.809523809524,0.258052431298098
249.761904761905,0.258645275672627
250.714285714286,0.260024360033638
251.666666666667,0.260423133253228
252.619047619048,0.260914147592758
253.571428571429,0.262228663194166
254.52380952381,0.263649539370267
255.47619047619,0.264707267044517
256.428571428571,0.266446824371897
257.380952380952,0.264765550592788
258.333333333333,0.266277656951248
259.285714285714,0.266650095897421
260.238095238095,0.268149256359691
261.190476190476,0.268723195212232
262.142857142857,0.269355913306988
263.095238095238,0.270710841119698
264.047619047619,0.272042177554924
265,0.272933264373493
265.952380952381,0.274554931909822
266.904761904762,0.272846518885503
267.857142857143,0.274627522765443
268.809523809524,0.275317371052703
269.761904761905,0.276571743392288
270.714285714286,0.277156179353616
271.666666666667,0.277699701999642
272.619047619048,0.279083342873018
273.571428571429,0.280448155510003
274.52380952381,0.281318181849101
275.47619047619,0.282811233689699
276.428571428571,0.280642335221183
277.380952380952,0.282317878858571
278.333333333333,0.282938058165202
279.285714285714,0.284134654482838
280.238095238095,0.284518418602099
281.190476190476,0.285208797203352
282.142857142857,0.286687401084801
283.095238095238,0.287923662823135
284.047619047619,0.288700931776665
285,0.290216576384525
285.952380952381,0.287985384052795
286.904761904762,0.289519381729429
287.857142857143,0.290150959756495
288.809523809524,0.291724471148585
289.761904761905,0.292280989628232
290.714285714286,0.293076004254419
291.666666666667,0.294515377363912
292.619047619048,0.295829757206705
293.571428571429,0.296390601986579
294.52380952381,0.297954640841451
295.47619047619,0.295795145113111
296.428571428571,0.297013854905514
297.380952380952,0.297635725147617
298.333333333333,0.299345649989222
299.285714285714,0.299860519999067
300.238095238095,0.300735754563716
301.190476190476,0.302392701481186
302.142857142857,0.303842476398945
303.095238095238,0.304369371569523
304.047619047619,0.305939387116658
305,0.304059023232388
305.952380952381,0.305344618584869
306.904761904762,0.305646909784752
307.857142857143,0.307505500487732
308.809523809524,0.307972608456779
309.761904761905,0.308804559965405
310.714285714286,0.310376134687678
311.666666666667,0.311855181906262
312.619047619048,0.312272639955843
313.571428571429,0.314093702724946
314.52380952381,0.312249230915281
315.47619047619,0.313698557700463
316.428571428571,0.314069421615412
317.380952380952,0.316131361214422
318.333333333333,0.316276543533832
319.285714285714,0.317211273450476
320.238095238095,0.318565768914107
321.190476190476,0.32025823946629
322.142857142857,0.320773744417494
323.095238095238,0.322569037745585
324.047619047619,0.320331503974265
325,0.321979074427201
325.952380952381,0.322524943460192
326.904761904762,0.324364120122571
327.857142857143,0.32433588558383
328.809523809524,0.325184206882706
329.761904761905,0.326566395403091
330.714285714286,0.328050673067804
331.666666666667,0.328863666835378
332.619047619048,0.330486049536627
333.571428571429,0.327854361781923
334.52380952381,0.329452724807447
335.47619047619,0.330047288532468
336.428571428571,0.33252516508845
337.380952380952,0.332537068724214
338.333333333333,0.333219105519136
339.285714285714,0.334706673205559
340.238095238095,0.335827546393415
341.190476190476,0.336843436317933
342.142857142857,0.338224937400727
343.095238095238,0.335583903031836
344.047619047619,0.337496432954234
345,0.338019174168824
345.952380952381,0.339957515033897
346.904761904762,0.340397541802815
347.857142857143,0.341150706835046
348.809523809524,0.342715006870529
349.761904761905,0.344094211185846
350.714285714286,0.34508876299853
351.666666666667,0.346499745257571
352.619047619048,0.344069952144279
353.571428571429,0.345597964947681
354.52380952381,0.346476947494766
355.47619047619,0.348615084048392
356.428571428571,0.348931826287372
357.380952380952,0.349855384331027
358.333333333333,0.351959051576821
359.285714285714,0.35301790535316
360.238095238095,0.35413129268371
361.190476190476,0.355528206761586
362.142857142857,0.353484342239452
363.095238095238,0.355137878494796
364.047619047619,0.356052127856032
365,0.358464041993522
365.952380952381,0.358725886143105
366.904761904762,0.35957618667984
367.857142857143,0.361394604782453
368.809523809524,0.36261388825375
369.761904761905,0.363509267544849
370.714285714286,0.364438924450021
371.666666666667,0.362830100082895
372.619047619048,0.364548755225259
373.571428571429,0.365500877533576
374.52380952381,0.367951092354675
375.47619047619,0.367729001561597
376.428571428571,0.368460435797642
377.380952380952,0.370214222147348
378.333333333333,0.37127754586404
379.285714285714,0.372396458529484
380.238095238095,0.373557861989193
381.190476190476,0.371405443645045
382.142857142857,0.37326983034499
383.095238095238,0.374655247649507
384.047619047619,0.376739628582658
385,0.376910970321432
385.952380952381,0.377895436608225
386.904761904762,0.379957246455006
387.857142857143,0.380419624989447
388.809523809524,0.381888565644105
389.761904761905,0.383000916162612
390.714285714286,0.381293019937909
391.666666666667,0.383695825936358
392.619047619048,0.384566319657112
393.571428571429,0.387109013603845
394.52380952381,0.387371754858582
395.47619047619,0.388368735081532
396.428571428571,0.390186282876036
397.380952380952,0.391045657390655
398.333333333333,0.392973561753537
399.285714285714,0.393980473088493
400.238095238095,0.393169150739046
401.190476190476,0.395298813957959
402.142857142857,0.39575524311724
403.095238095238,0.398831132296614
404.047619047619,0.398189528425899
405,0.399444461071374
405.952380952381,0.401130393722354
406.904761904762,0.401798164504503
407.857142857143,0.403108625221953
408.809523809524,0.404054927021833
409.761904761905,0.402636909685242
410.714285714286,0.404120933035708
411.666666666667,0.404316991903669
412.619047619048,0.407301974947436
413.571428571429,0.406695187237378
414.52380952381,0.408390058977116
415.47619047619,0.409789062713283
416.428571428571,0.410335151223824
417.380952380952,0.412059303513699
418.333333333333,0.41333565756763
419.285714285714,0.409045405739164
420.238095238095,0.410976346506142
421.190476190476,0.411316560334323
422.142857142857,0.414081168488364
423.095238095238,0.414343175521554
424.047619047619,0.416131664487293
425,0.417706683724064
425.952380952381,0.417794762422684
426.904761904762,0.419817606248995
427.857142857143,0.420851960131041
428.809523809524,0.414117757285114
429.761904761905,0.416516502511313
430.714285714286,0.416361936628718
431.666666666667,0.419221387062275
432.619047619048,0.420194303712743
433.571428571429,0.421085864048414
434.52380952381,0.423773741593897
435.47619047619,0.424397760522
436.428571428571,0.426469937152856
437.380952380952,0.42775723324134
438.333333333333,0.422735059908215
439.285714285714,0.42468537837131
440.238095238095,0.425313396916704
441.190476190476,0.428128574371869
442.142857142857,0.429451766982563
443.095238095238,0.430039119527048
444.047619047619,0.432983605886404
445,0.433524811605637
445.952380952381,0.436064132564642
446.904761904762,0.43716202119091
447.857142857143,0.431557552938057
448.809523809524,0.433783826311938
449.761904761905,0.435218897379324
450.714285714286,0.437098298580058
451.666666666667,0.438582739567524
452.619047619048,0.440482843920693
453.571428571429,0.444092463249146
454.52380952381,0.444098140288819
455.47619047619,0.446884656664705
456.428571428571,0.447889456858545
457.380952380952,0.442887449080907
458.333333333333,0.446882325860425
459.285714285714,0.448547386978812
460.238095238095,0.451233240758752
461.190476190476,0.452752022983753
462.142857142857,0.452917386604869
463.095238095238,0.456932162347992
464.047619047619,0.458150766222313
465,0.46385816448273
465.952380952381,0.466209001147481
466.904761904762,0.458687578318527
467.857142857143,0.464622578118039
468.809523809524,0.465559336934134
469.761904761905,0.466887766991203
470.714285714286,0.46737168904177
471.666666666667,0.468704670872127
472.619047619048,0.474887675446459
473.571428571429,0.476917172342711
474.52380952381,0.482609998006469
475.47619047619,0.479609535495848
