3.125,4.375,5.625,6.875,8.125,9.375,10.625,11.875,13.125,14.375,15.625,16.875,18.125,19.375,20.625,21.875,23.125,24.375,25.625,26.875,28.125,29.375,30.625,31.875,33.125,34.375,35.625,36.875,38.125,39.375,40.625,41.875,43.125,44.375,45.625,46.875,48.125,49.375,50.625,51.875,53.125,54.375,55.625,56.875,58.125,59.375,60.625,61.875,63.125,64.375
3.125,4.375,5.625,6.875,8.125,9.375,10.625,11.875,13.125,14.375,15.625,16.875,18.125,19.375,20.625,21.875,23.125,24.375,25.625,26.875,28.125,29.375,30.625,31.875,33.125,34.375,35.625,36.875,38.125,39.375,40.625,41.875,43.125,44.375,45.625,46.875,48.125,49.375,50.625,51.875,53.125,54.375,55.625,56.875,58.125,59.375,60.625,61.875,63.125,64.375
3.125,4.375,5.625,6.875,8.125,9.375,10.625,11.875,13.125,14.375,15.625,16.875,18.125,19.375,20.625,21.875,23.125,24.375,25.625,26.875,28.125,29.375,30.625,31.875,33.125,34.375,35.625,36.875,38.125,39.375,40.625,41.875,43.125,44.375,45.625,46.875,48.125,49.375,50.625,51.875,53.125,54.375,55.625,56.875,58.125,59.375,60.625,61.875,63.125,64.375
3.125,4.375,5.625,6.875,8.125,9.375,10.625,11.875,13.125,14.375,15.625,16.875,18.125,19.375,20.625,21.875,23.125,24.375,25.625,26.875,28.125,29.375,30.625,31.875,33.125,34.375,35.625,36.875,38.125,39.375,40.625,41.875,43.125,44.375,45.625,46.875,48.125,49.375,50.625,51.875,53.125,54.375,55.625,56.875,58.125,59.375,60.625,61.875,63.125,64.375
3.125,4.375,5.625,6.875,8.125,9.375,10.625,11.875,13.125,14.375,15.625,16.875,18.125,19.375,20.625,21.875,23.125,24.375,25.625,26.875,28.125,29.375,30.625,31.875,33.125,34.375,35.625,36.875,38.125,39.375,40.625,41.875,43.125,44.375,45.625,46.875,48.125,49.375,50.625,51.875,53.125,54.375,55.625,56.875,58.125,59.375,60.625,61.875,63.125,64.375
3.125,4.375,5.625,6.875,8.125,9.375,10.625,11.875,13.125,14.375,15.625,16.875,18.125,19.375,20.625,21.875,23.125,24.375,25.625,26.875,28.125,29.375,30.625,31.875,33.125,34.375,35.625,36.875,38.125,39.375,40.625,41.875,43.125,44.375,45.625,46.875,48.125,49.375,50.625,51.875,53.125,54.375,55.625,56.875,58.125,59.375,60.625,61.875,63.125,64.375
3.125,4.375,5.625,6.875,8.125,9.375,10.625,11.875,13.125,14.375,15.625,16.875,18.125,19.375,20.625,21.875,23.125,24.375,25.625,26.875,28.125,29.375,30.625,31.875,33.125,34.375,35.625,36.875,38.125,39.375,40.625,41.875,43.125,44.375,45.625,46.875,48.125,49.375,50.625,51.875,53.125,54.375,55.625,56.875,58.125,59.375,60.625,61.875,63.125,64.375
3.125,4.375,5.625,6.875,8.125,9.375,10.625,11.875,13.125,14.375,15.625,16.875,18.125,19.375,20.625,21.875,23.125,24.375,25.625,26.875,28.125,29.375,30.625,31.875,33.125,34.375,35.625,36.875,38.125,39.375,40.625,41.875,43.125,44.375,45.625,46.875,48.125,49.375,50.625,51.875,53.125,54.375,55.625,56.875,58.125,59.375,60.625,61.875,63.125,64.375
3.125,4.375,5.625,6.875,8.125,9.375,10.625,11.875,13.125,14.375,15.625,16.875,18.125,19.375,20.625,21.875,23.125,24.375,25.625,26.875,28.125,29.375,30.625,31.875,33.125,34.375,35.625,36.875,38.125,39.375,40.625,41.875,43.125,44.375,45.625,46.875,48.125,49.375,50.625,51.875,53.125,54.375,55.625,56.875,58.125,59.375,60.625,61.875,63.125,64.375
3.125,4.375,5.625,6.875,8.125,9.375,10.625,11.875,13.125,14.375,15.625,16.875,18.125,19.375,20.625,21.875,23.125,24.375,25.625,26.875,28.125,29.375,30.625,31.875,33.125,34.375,35.625,36.875,38.125,39.375,40.625,41.875,43.125,44.375,45.625,46.875,48.125,49.375,50.625,51.875,53.125,54.375,55.625,56.875,58.125,59.375,60.625,61.875,63.125,64.375
3.125,4.375,5.625,6.875,8.125,9.375,10.625,11.875,13.125,14.375,15.625,16.875,18.125,19.375,20.625,21.875,23.125,24.375,25.625,26.875,28.125,29.375,30.625,31.875,33.125,34.375,35.625,36.875,38.125,39.375,40.625,41.875,43.125,44.375,45.625,46.875,48.125,49.375,50.625,51.875,53.125,54.375,55.625,56.875,58.125,59.375,60.625,61.875,63.125,64.375
3.125,4.375,5.625,6.875,8.125,9.375,10.625,11.875,13.125,14.375,15.625,16.875,18.125,19.375,20.625,21.875,23.125,24.375,25.625,26.875,28.125,29.375,30.625,31.875,33.125,34.375,35.625,36.875,38.125,39.375,40.625,41.875,43.125,44.375,45.625,46.875,48.125,49.375,50.625,51.875,53.125,54.375,55.625,56.875,58.125,59.375,60.625,61.875,63.125,64.375
3.125,4.375,5.625,6.875,8.125,9.375,10.625,11.875,13.125,14.375,15.625,16.875,18.125,19.375,20.625,21.875,23.125,24.375,25.625,26.875,28.125,29.375,30.625,31.875,33.125,34.375,35.625,36.875,38.125,39.375,40.625,41.875,43.125,44.375,45.625,46.875,48.125,49.375,50.625,51.875,53.125,54.375,55.625,56.875,58.125,59.375,60.625,61.875,63.125,64.375
3.125,4.375,5.625,6.875,8.125,9.375,10.625,11.875,13.125,14.375,15.625,16.875,18.125,19.375,20.625,21.875,23.125,24.375,25.625,26.875,28.125,29.375,30.625,31.875,33.125,34.375,35.625,36.875,38.125,39.375,40.625,41.875,43.125,44.375,45.625,46.875,48.125,49.375,50.625,51.875,53.125,54.375,55.625,56.875,58.125,59.375,60.625,61.875,63.125,64.375
3.125,4.375,5.625,6.875,8.125,9.375,10.625,11.875,13.125,14.375,15.625,16.875,18.125,19.375,20.625,21.875,23.125,24.375,25.625,26.875,28.125,29.375,30.625,31.875,33.125,34.375,35.625,36.875,38.125,39.375,40.625,41.875,43.125,44.375,45.625,46.875,48.125,49.375,50.625,51.875,53.125,54.375,55.625,56.875,58.125,59.375,60.625,61.875,63.125,64.375
3.125,4.375,5.625,6.875,8.125,9.375,10.625,11.875,13.125,14.375,15.625,16.875,18.125,19.375,20.625,21.875,23.125,24.375,25.625,26.875,28.125,29.375,30.625,31.875,33.125,34.375,35.625,36.875,38.125,39.375,40.625,41.875,43.125,44.375,45.625,46.875,48.125,49.375,50.625,51.875,53.125,54.375,55.625,56.875,58.125,59.375,60.625,61.875,63.125,64.375
3.125,4.375,5.625,6.875,8.125,9.375,10.625,11.875,13.125,14.375,15.625,16.875,18.125,19.375,20.625,21.875,23.125,24.375,25.625,26.875,28.125,29.375,30.625,31.875,33.125,34.375,35.625,36.875,38.125,39.375,40.625,41.875,43.125,44.375,45.625,46.875,48.125,49.375,50.625,51.875,53.125,54.375,55.625,56.875,58.125,59.375,60.625,61.875,63.125,64.375
3.125,4.375,5.625,6.875,8.125,9.375,10.625,11.875,13.125,14.375,15.625,16.875,18.125,19.375,20.625,21.875,23.125,24.375,25.625,26.875,28.125,29.375,30.625,31.875,33.125,34.375,35.625,36.875,38.125,39.375,40.625,41.875,43.125,44.375,45.625,46.875,48.125,49.375,50.625,51.875,53.125,54.375,55.625,56.875,58.125,59.375,60.625,61.875,63.125,64.375
3.125,4.375,5.625,6.875,8.125,9.375,10.625,11.875,13.125,14.375,15.625,16.875,18.125,19.375,20.625,21.875,23.125,24.375,25.625,26.875,28.125,29.375,30.625,31.875,33.125,34.375,35.625,36.875,38.125,39.375,40.625,41.875,43.125,44.375,45.625,46.875,48.125,49.375,50.625,51.875,53.125,54.375,55.625,56.875,58.125,59.375,60.625,61.875,63.125,64.375
3.125,4.375,5.625,6.875,8.125,9.375,10.625,11.875,13.125,14.375,15.625,16.875,18.125,19.375,20.625,21.875,23.125,24.375,25.625,26.875,28.125,29.375,30.625,31.875,33.125,34.375,35.625,36.875,38.125,39.375,40.625,41.875,43.125,44.375,45.625,46.875,48.125,49.375,50.625,51.875,53.125,54.375,55.625,56.875,58.125,59.375,60.625,61.875,63.125,64.375
3.125,4.375,5.625,6.875,8.125,9.375,10.625,11.875,13.125,14.375,15.625,16.875,18.125,19.375,20.625,21.875,23.125,24.375,25.625,26.875,28.125,29.375,30.625,31.875,33.125,34.375,35.625,36.875,38.125,39.375,40.625,41.875,43.125,44.375,45.625,46.875,48.125,49.375,50.625,51.875,53.125,54.375,55.625,56.875,58.125,59.375,60.625,61.875,63.125,64.375
3.125,4.375,5.625,6.875,8.125,9.375,10.625,11.875,13.125,14.375,15.625,16.875,18.125,19.375,20.625,21.875,23.125,24.375,25.625,26.875,28.125,29.375,30.625,31.875,33.125,34.375,35.625,36.875,38.125,39.375,40.625,41.875,43.125,44.375,45.625,46.875,48.125,49.375,50.625,51.875,53.125,54.375,55.625,56.875,58.125,59.375,60.625,61.875,63.125,64.375
3.125,4.375,5.625,6.875,8.125,9.375,10.625,11.875,13.125,14.375,15.625,16.875,18.125,19.375,20.625,21.875,23.125,24.375,25.625,26.875,28.125,29.375,30.625,31.875,33.125,34.375,35.625,36.875,38.125,39.375,40.625,41.875,43.125,44.375,45.625,46.875,48.125,49.375,50.625,51.875,53.125,54.375,55.625,56.875,58.125,59.375,60.625,61.875,63.125,64.375
3.125,4.375,5.625,6.875,8.125,9.375,10.625,11.875,13.125,14.375,15.625,16.875,18.125,19.375,20.625,21.875,23.125,24.375,25.625,26.875,28.125,29.375,30.625,31.875,33.125,34.375,35.625,36.875,38.125,39.375,40.625,41.875,43.125,44.375,45.625,46.875,48.125,49.375,50.625,51.875,53.125,54.375,55.625,56.875,58.125,59.375,60.625,61.875,63.125,64.375
3.125,4.375,5.625,6.875,8.125,9.375,10.625,11.875,13.125,14.375,15.625,16.875,18.125,19.375,20.625,21.875,23.125,24.375,25.625,26.875,28.125,29.375,30.625,31.875,33.125,34.375,35.625,36.875,38.125,39.375,40.625,41.875,43.125,44.375,45.625,46.875,48.125,49.375,50.625,51.875,53.125,54.375,55.625,56.875,58.125,59.375,60.625,61.875,63.125,64.375
3.125,4.375,5.625,6.875,8.125,9.375,10.625,11.875,13.125,14.375,15.625,16.875,18.125,19.375,20.625,21.875,23.125,24.375,25.625,26.875,28.125,29.375,30.625,31.875,33.125,34.375,35.625,36.875,38.125,39.375,40.625,41.875,43.125,44.375,45.625,46.875,48.125,49.375,50.625,51.875,53.125,54.375,55.625,56.875,58.125,59.375,60.625,61.875,63.125,64.375
3.125,4.375,5.625,6.875,8.125,9.375,10.625,11.875,13.125,14.375,15.625,16.875,18.125,19.375,20.625,21.875,23.125,24.375,25.625,26.875,28.125,29.375,30.625,31.875,33.125,34.375,35.625,36.875,38.125,39.375,40.625,41.875,43.125,44.375,45.625,46.875,48.125,49.375,50.625,51.875,53.125,54.375,55.625,56.875,58.125,59.375,60.625,61.875,63.125,64.375
3.125,4.375,5.625,6.875,8.125,9.375,10.625,11.875,13.125,14.375,15.625,16.875,18.125,19.375,20.625,21.875,23.125,24.375,25.625,26.875,28.125,29.375,30.625,31.875,33.125,34.375,35.625,36.875,38.125,39.375,40.625,41.875,43.125,44.375,45.625,46.875,48.125,49.375,50.625,51.875,53.125,54.375,55.625,56.875,58.125,59.375,60.625,61.875,63.125,64.375
3.125,4.375,5.625,6.875,8.125,9.375,10.625,11.875,13.125,14.375,15.625,16.875,18.125,19.375,20.625,21.875,23.125,24.375,25.625,26.875,28.125,29.375,30.625,31.875,33.125,34.375,35.625,36.875,38.125,39.375,40.625,41.875,43.125,44.375,45.625,46.875,48.125,49.375,50.625,51.875,53.125,54.375,55.625,56.875,58.125,59.375,60.625,61.875,63.125,64.375
3.125,4.375,5.625,6.875,8.125,9.375,10.625,11.875,13.125,14.375,15.625,16.875,18.125,19.375,20.625,21.875,23.125,24.375,25.625,26.875,28.125,29.375,30.625,31.875,33.125,34.375,35.625,36.875,38.125,39.375,40.625,41.875,43.125,44.375,45.625,46.875,48.125,49.375,50.625,51.875,53.125,54.375,55.625,56.875,58.125,59.375,60.625,61.875,63.125,64.375
3.125,4.375,5.625,6.875,8.125,9.375,10.625,11.875,13.125,14.375,15.625,16.875,18.125,19.375,20.625,21.875,23.125,24.375,25.625,26.875,28.125,29.375,30.625,31.875,33.125,34.375,35.625,36.875,38.125,39.375,40.625,41.875,43.125,44.375,45.625,46.875,48.125,49.375,50.625,51.875,53.125,54.375,55.625,56.875,58.125,59.375,60.625,61.875,63.125,64.375
3.125,4.375,5.625,6.875,8.125,9.375,10.625,11.875,13.125,14.375,15.625,16.875,18.125,19.375,20.625,21.875,23.125,24.375,25.625,26.875,28.125,29.375,30.625,31.875,33.125,34.375,35.625,36.875,38.125,39.375,40.625,41.875,43.125,44.375,45.625,46.875,48.125,49.375,50.625,51.875,53.125,54.375,55.625,56.875,58.125,59.375,60.625,61.875,63.125,64.375
