3.125,3.125,3.125,3.125,3.125,3.125,3.125,3.125,3.125,3.125,3.125,3.125,3.125,3.125,3.125,3.125,3.125,3.125,3.125,3.125,3.125,3.125,3.125,3.125,3.125,3.125,3.125,3.125,3.125,3.125,3.125,3.125,3.125,3.125,3.125,3.125,3.125,3.125,3.125,3.125,3.125,3.125,3.125,3.125,3.125,3.125,3.125,3.125,3.125,3.125
4.375,4.375,4.375,4.375,4.375,4.375,4.375,4.375,4.375,4.375,4.375,4.375,4.375,4.375,4.375,4.375,4.375,4.375,4.375,4.375,4.375,4.375,4.375,4.375,4.375,4.375,4.375,4.375,4.375,4.375,4.375,4.375,4.375,4.375,4.375,4.375,4.375,4.375,4.375,4.375,4.375,4.375,4.375,4.375,4.375,4.375,4.375,4.375,4.375,4.375
5.625,5.625,5.625,5.625,5.625,5.625,5.625,5.625,5.625,5.625,5.625,5.625,5.625,5.625,5.625,5.625,5.625,5.625,5.625,5.625,5.625,5.625,5.625,5.625,5.625,5.625,5.625,5.625,5.625,5.625,5.625,5.625,5.625,5.625,5.625,5.625,5.625,5.625,5.625,5.625,5.625,5.625,5.625,5.625,5.625,5.625,5.625,5.625,5.625,5.625
6.875,6.875,6.875,6.875,6.875,6.875,6.875,6.875,6.875,6.875,6.875,6.875,6.875,6.875,6.875,6.875,6.875,6.875,6.875,6.875,6.875,6.875,6.875,6.875,6.875,6.875,6.875,6.875,6.875,6.875,6.875,6.875,6.875,6.875,6.875,6.875,6.875,6.875,6.875,6.875,6.875,6.875,6.875,6.875,6.875,6.875,6.875,6.875,6.875,6.875
8.125,8.125,8.125,8.125,8.125,8.125,8.125,8.125,8.125,8.125,8.125,8.125,8.125,8.125,8.125,8.125,8.125,8.125,8.125,8.125,8.125,8.125,8.125,8.125,8.125,8.125,8.125,8.125,8.125,8.125,8.125,8.125,8.125,8.125,8.125,8.125,8.125,8.125,8.125,8.125,8.125,8.125,8.125,8.125,8.125,8.125,8.125,8.125,8.125,8.125
9.375,9.375,9.375,9.375,9.375,9.375,9.375,9.375,9.375,9.375,9.375,9.375,9.375,9.375,9.375,9.375,9.375,9.375,9.375,9.375,9.375,9.375,9.375,9.375,9.375,9.375,9.375,9.375,9.375,9.375,9.375,9.375,9.375,9.375,9.375,9.375,9.375,9.375,9.375,9.375,9.375,9.375,9.375,9.375,9.375,9.375,9.375,9.375,9.375,9.375
10.625,10.625,10.625,10.625,10.625,10.625,10.625,10.625,10.625,10.625,10.625,10.625,10.625,10.625,10.625,10.625,10.625,10.625,10.625,10.625,10.625,10.625,10.625,10.625,10.625,10.625,10.625,10.625,10.625,10.625,10.625,10.625,10.625,10.625,10.625,10.625,10.625,10.625,10.625,10.625,10.625,10.625,10.625,10.625,10.625,10.625,10.625,10.625,10.625,10.625
11.875,11.875,11.875,11.875,11.875,11.875,11.875,11.875,11.875,11.875,11.875,11.875,11.875,11.875,11.875,11.875,11.875,11.875,11.875,11.875,11.875,11.875,11.875,11.875,11.875,11.875,11.875,11.875,11.875,11.875,11.875,11.875,11.875,11.875,11.875,11.875,11.875,11.875,11.875,11.875,11.875,11.875,11.875,11.875,11.875,11.875,11.875,11.875,11.875,11.875
13.125,13.125,13.125,13.125,13.125,13.125,13.125,13.125,13.125,13.125,13.125,13.125,13.125,13.125,13.125,13.125,13.125,13.125,13.125,13.125,13.125,13.125,13.125,13.125,13.125,13.125,13.125,13.125,13.125,13.125,13.125,13.125,13.125,13.125,13.125,13.125,13.125,13.125,13.125,13.125,13.125,13.125,13.125,13.125,13.125,13.125,13.125,13.125,13.125,13.125
14.375,14.375,14.375,14.375,14.375,14.375,14.375,14.375,14.375,14.375,14.375,14.375,14.375,14.375,14.375,14.375,14.375,14.375,14.375,14.375,14.375,14.375,14.375,14.375,14.375,14.375,14.375,14.375,14.375,14.375,14.375,14.375,14.375,14.375,14.375,14.375,14.375,14.375,14.375,14.375,14.375,14.375,14.375,14.375,14.375,14.375,14.375,14.375,14.375,14.375
15.625,15.625,15.625,15.625,15.625,15.625,15.625,15.625,15.625,15.625,15.625,15.625,15.625,15.625,15.625,15.625,15.625,15.625,15.625,15.625,15.625,15.625,15.625,15.625,15.625,15.625,15.625,15.625,15.625,15.625,15.625,15.625,15.625,15.625,15.625,15.625,15.625,15.625,15.625,15.625,15.625,15.625,15.625,15.625,15.625,15.625,15.625,15.625,15.625,15.625
16.875,16.875,16.875,16.875,16.875,16.875,16.875,16.875,16.875,16.875,16.875,16.875,16.875,16.875,16.875,16.875,16.875,16.875,16.875,16.875,16.875,16.875,16.875,16.875,16.875,16.875,16.875,16.875,16.875,16.875,16.875,16.875,16.875,16.875,16.875,16.875,16.875,16.875,16.875,16.875,16.875,16.875,16.875,16.875,16.875,16.875,16.875,16.875,16.875,16.875
18.125,18.125,18.125,18.125,18.125,18.125,18.125,18.125,18.125,18.125,18.125,18.125,18.125,18.125,18.125,18.125,18.125,18.125,18.125,18.125,18.125,18.125,18.125,18.125,18.125,18.125,18.125,18.125,18.125,18.125,18.125,18.125,18.125,18.125,18.125,18.125,18.125,18.125,18.125,18.125,18.125,18.125,18.125,18.125,18.125,18.125,18.125,18.125,18.125,18.125
19.375,19.375,19.375,19.375,19.375,19.375,19.375,19.375,19.375,19.375,19.375,19.375,19.375,19.375,19.375,19.375,19.375,19.375,19.375,19.375,19.375,19.375,19.375,19.375,19.375,19.375,19.375,19.375,19.375,19.375,19.375,19.375,19.375,19.375,19.375,19.375,19.375,19.375,19.375,19.375,19.375,19.375,19.375,19.375,19.375,19.375,19.375,19.375,19.375,19.375
20.625,20.625,20.625,20.625,20.625,20.625,20.625,20.625,20.625,20.625,20.625,20.625,20.625,20.625,20.625,20.625,20.625,20.625,20.625,20.625,20.625,20.625,20.625,20.625,20.625,20.625,20.625,20.625,20.625,20.625,20.625,20.625,20.625,20.625,20.625,20.625,20.625,20.625,20.625,20.625,20.625,20.625,20.625,20.625,20.625,20.625,20.625,20.625,20.625,20.625
21.875,21.875,21.875,21.875,21.875,21.875,21.875,21.875,21.875,21.875,21.875,21.875,21.875,21.875,21.875,21.875,21.875,21.875,21.875,21.875,21.875,21.875,21.875,21.875,21.875,21.875,21.875,21.875,21.875,21.875,21.875,21.875,21.875,21.875,21.875,21.875,21.875,21.875,21.875,21.875,21.875,21.875,21.875,21.875,21.875,21.875,21.875,21.875,21.875,21.875
23.125,23.125,23.125,23.125,23.125,23.125,23.125,23.125,23.125,23.125,23.125,23.125,23.125,23.125,23.125,23.125,23.125,23.125,23.125,23.125,23.125,23.125,23.125,23.125,23.125,23.125,23.125,23.125,23.125,23.125,23.125,23.125,23.125,23.125,23.125,23.125,23.125,23.125,23.125,23.125,23.125,23.125,23.125,23.125,23.125,23.125,23.125,23.125,23.125,23.125
24.375,24.375,24.375,24.375,24.375,24.375,24.375,24.375,24.375,24.375,24.375,24.375,24.375,24.375,24.375,24.375,24.375,24.375,24.375,24.375,24.375,24.375,24.375,24.375,24.375,24.375,24.375,24.375,24.375,24.375,24.375,24.375,24.375,24.375,24.375,24.375,24.375,24.375,24.375,24.375,24.375,24.375,24.375,24.375,24.375,24.375,24.375,24.375,24.375,24.375
25.625,25.625,25.625,25.625,25.625,25.625,25.625,25.625,25.625,25.625,25.625,25.625,25.625,25.625,25.625,25.625,25.625,25.625,25.625,25.625,25.625,25.625,25.625,25.625,25.625,25.625,25.625,25.625,25.625,25.625,25.625,25.625,25.625,25.625,25.625,25.625,25.625,25.625,25.625,25.625,25.625,25.625,25.625,25.625,25.625,25.625,25.625,25.625,25.625,25.625
26.875,26.875,26.875,26.875,26.875,26.875,26.875,26.875,26.875,26.875,26.875,26.875,26.875,26.875,26.875,26.875,26.875,26.875,26.875,26.875,26.875,26.875,26.875,26.875,26.875,26.875,26.875,26.875,26.875,26.875,26.875,26.875,26.875,26.875,26.875,26.875,26.875,26.875,26.875,26.875,26.875,26.875,26.875,26.875,26.875,26.875,26.875,26.875,26.875,26.875
28.125,28.125,28.125,28.125,28.125,28.125,28.125,28.125,28.125,28.125,28.125,28.125,28.125,28.125,28.125,28.125,28.125,28.125,28.125,28.125,28.125,28.125,28.125,28.125,28.125,28.125,28.125,28.125,28.125,28.125,28.125,28.125,28.125,28.125,28.125,28.125,28.125,28.125,28.125,28.125,28.125,28.125,28.125,28.125,28.125,28.125,28.125,28.125,28.125,28.125
29.375,29.375,29.375,29.375,29.375,29.375,29.375,29.375,29.375,29.375,29.375,29.375,29.375,29.375,29.375,29.375,29.375,29.375,29.375,29.375,29.375,29.375,29.375,29.375,29.375,29.375,29.375,29.375,29.375,29.375,29.375,29.375,29.375,29.375,29.375,29.375,29.375,29.375,29.375,29.375,29.375,29.375,29.375,29.375,29.375,29.375,29.375,29.375,29.375,29.375
30.625,30.625,30.625,30.625,30.625,30.625,30.625,30.625,30.625,30.625,30.625,30.625,30.625,30.625,30.625,30.625,30.625,30.625,30.625,30.625,30.625,30.625,30.625,30.625,30.625,30.625,30.625,30.625,30.625,30.625,30.625,30.625,30.625,30.625,30.625,30.625,30.625,30.625,30.625,30.625,30.625,30.625,30.625,30.625,30.625,30.625,30.625,30.625,30.625,30.625
31.875,31.875,31.875,31.875,31.875,31.875,31.875,31.875,31.875,31.875,31.875,31.875,31.875,31.875,31.875,31.875,31.875,31.875,31.875,31.875,31.875,31.875,31.875,31.875,31.875,31.875,31.875,31.875,31.875,31.875,31.875,31.875,31.875,31.875,31.875,31.875,31.875,31.875,31.875,31.875,31.875,31.875,31.875,31.875,31.875,31.875,31.875,31.875,31.875,31.875
33.125,33.125,33.125,33.125,33.125,33.125,33.125,33.125,33.125,33.125,33.125,33.125,33.125,33.125,33.125,33.125,33.125,33.125,33.125,33.125,33.125,33.125,33.125,33.125,33.125,33.125,33.125,33.125,33.125,33.125,33.125,33.125,33.125,33.125,33.125,33.125,33.125,33.125,33.125,33.125,33.125,33.125,33.125,33.125,33.125,33.125,33.125,33.125,33.125,33.125
34.375,34.375,34.375,34.375,34.375,34.375,34.375,34.375,34.375,34.375,34.375,34.375,34.375,34.375,34.375,34.375,34.375,34.375,34.375,34.375,34.375,34.375,34.375,34.375,34.375,34.375,34.375,34.375,34.375,34.375,34.375,34.375,34.375,34.375,34.375,34.375,34.375,34.375,34.375,34.375,34.375,34.375,34.375,34.375,34.375,34.375,34.375,34.375,34.375,34.375
35.625,35.625,35.625,35.625,35.625,35.625,35.625,35.625,35.625,35.625,35.625,35.625,35.625,35.625,35.625,35.625,35.625,35.625,35.625,35.625,35.625,35.625,35.625,35.625,35.625,35.625,35.625,35.625,35.625,35.625,35.625,35.625,35.625,35.625,35.625,35.625,35.625,35.625,35.625,35.625,35.625,35.625,35.625,35.625,35.625,35.625,35.625,35.625,35.625,35.625
36.875,36.875,36.875,36.875,36.875,36.875,36.875,36.875,36.875,36.875,36.875,36.875,36.875,36.875,36.875,36.875,36.875,36.875,36.875,36.875,36.875,36.875,36.875,36.875,36.875,36.875,36.875,36.875,36.875,36.875,36.875,36.875,36.875,36.875,36.875,36.875,36.875,36.875,36.875,36.875,36.875,36.875,36.875,36.875,36.875,36.875,36.875,36.875,36.875,36.875
38.125,38.125,38.125,38.125,38.125,38.125,38.125,38.125,38.125,38.125,38.125,38.125,38.125,38.125,38.125,38.125,38.125,38.125,38.125,38.125,38.125,38.125,38.125,38.125,38.125,38.125,38.125,38.125,38.125,38.125,38.125,38.125,38.125,38.125,38.125,38.125,38.125,38.125,38.125,38.125,38.125,38.125,38.125,38.125,38.125,38.125,38.125,38.125,38.125,38.125
39.375,39.375,39.375,39.375,39.375,39.375,39.375,39.375,39.375,39.375,39.375,39.375,39.375,39.375,39.375,39.375,39.375,39.375,39.375,39.375,39.375,39.375,39.375,39.375,39.375,39.375,39.375,39.375,39.375,39.375,39.375,39.375,39.375,39.375,39.375,39.375,39.375,39.375,39.375,39.375,39.375,39.375,39.375,39.375,39.375,39.375,39.375,39.375,39.375,39.375
40.625,40.625,40.625,40.625,40.625,40.625,40.625,40.625,40.625,40.625,40.625,40.625,40.625,40.625,40.625,40.625,40.625,40.625,40.625,40.625,40.625,40.625,40.625,40.625,40.625,40.625,40.625,40.625,40.625,40.625,40.625,40.625,40.625,40.625,40.625,40.625,40.625,40.625,40.625,40.625,40.625,40.625,40.625,40.625,40.625,40.625,40.625,40.625,40.625,40.625
41.875,41.875,41.875,41.875,41.875,41.875,41.875,41.875,41.875,41.875,41.875,41.875,41.875,41.875,41.875,41.875,41.875,41.875,41.875,41.875,41.875,41.875,41.875,41.875,41.875,41.875,41.875,41.875,41.875,41.875,41.875,41.875,41.875,41.875,41.875,41.875,41.875,41.875,41.875,41.875,41.875,41.875,41.875,41.875,41.875,41.875,41.875,41.875,41.875,41.875
