14.532475,8.68894375
46.10538125,30.39546875
20.81950625,14.63496875
20.0901,19.97158125
50.37143125,4.0791
46.046625,4.14305625
21.46891875,34.191875
27.24526875,13.90816875
50.4691625,4.483475
41.937625,30.07825
21.3455,11.35831875
51.89749375,26.1520875
33.23298125,16.65708125
29.93194375,11.28613125
44.13250625,8.4141625
26.904475,8.02139375
42.67645625,5.569075
11.786975,15.1663375
30.556875,16.92569375
50.73869375,5.50456875
32.7527375,15.8171875
30.07538125,13.807575
25.0259375,11.08045625
27.8459125,9.00414375
27.2618125,16.97719375
33.316775,14.9519
33.693175,13.4189875
21.0960125,24.781275
56.00773125,10.18930625
47.4367875,7.50638125
43.98834375,6.66664375
46.23311875,20.355225
30.17285,12.98384375
13.18989375,12.2375125
29.695525,10.25478125
31.85835625,17.48139375
54.30695625,16.01743125
12.95635,14.080425
48.3993875,5.82263125
18.55358125,20.4727625
18.11291875,16.36936875
10.188425,9.44826875
45.98079375,5.589225
13.14766875,5.10465
59.825575,3.29511875
46.065725,17.80545
29.46033125,13.57106875
46.44889375,4.76560625
43.7316375,25.87415
49.5792125,17.97341875
51.987,24.5391875
50.781425,17.1411125
21.67555,14.52741875
25.49789375,9.9715625
43.120825,6.372325
11.6277,5.610175
40.00011875,30.11454375
25.7706875,13.20059375
46.911475,6.66248125
45.48506875,4.98376875
24.3564375,31.57554375
43.8956375,27.54201875
53.96571875,17.566575
28.9740125,13.831475
21.88533125,11.809725
51.68164375,31.98155
21.7160875,16.1780375
15.18118125,10.88963125
20.27279375,9.55399375
10.32835625,7.93695
47.4903,5.9748375
43.788025,29.40661875
50.97121875,21.60050625
49.29001875,16.12586875
30.5634375,14.50408125
18.5023375,13.9962875
40.81735,31.36223125
44.57856875,30.75395625
17.9447125,10.80770625
18.18861875,13.12330625
29.41609375,9.37995625
35.9689625,32.1424125
48.0541,23.28855
19.3475,23.18099375
50.13969375,18.76225625
57.03448125,15.48149375
9.7575125,9.83725
28.876175,8.94385625
36.99375625,31.9427875
38.0480125,29.65840625
51.08243125,27.2032
45.23535,26.1636625
49.0133375,25.19199375
48.50585625,22.88688125
50.9416625,16.7249
30.6300875,12.915825
12.498225,9.7661375
53.314975,22.08959375
52.55896875,21.4305375
15.86330625,18.6387125
55.97005,12.886
19.66375625,10.8993375
49.95670625,5.82801875
51.014975,22.909325
15.06753125,13.79931875
12.86513125,13.14285
49.6757,8.1096
46.600875,29.54743125
53.859675,27.87203125
13.775725,16.3620875
25.63923125,11.3818
50.44025625,6.53901875
43.63284375,31.1755875
42.24681875,28.44920625
46.644775,24.1863375
52.78061875,22.8490375
51.79805,22.687475
48.32879375,7.5957375
16.12211875,37.17825625
36.71928125,32.0496875
35.99085625,29.4869125
47.96374375,17.35855625
19.083125,14.33995
27.8915375,13.91679375
9.7694875,13.3906625
21.33485,12.34450625
15.92168125,11.960975
36.95830625,39.9211625
49.87744375,32.06274375
36.7400625,30.9444375
47.52503125,29.79808125
19.04174375,28.0363125
59.9016375,25.85296875
47.0224125,24.95909375
51.643025,21.567725
13.5368375,17.29430625
18.33025,15.34875625
13.59291875,12.8513375
31.15084375,12.7779625
45.3997375,28.8549375
47.2328625,27.75259375
18.36579375,14.96233125
36.2115125,35.68813125
44.87748125,33.58785625
43.81411875,33.0723
48.84874375,19.42143125
50.19114375,19.320725
26.27543125,12.222975
13.9577875,11.4094625
18.62770625,34.1685
50.5560375,32.8733875
17.28215,12.74819375
10.361825,7.00113125
4.85313125,5.25145625
21.51738125,32.71495
44.63459375,31.60158125
18.58969375,25.14378125
16.607725,14.1796875
21.16559375,10.87500625
13.73518125,9.400475
37.38405,34.99390625
50.4909625,33.42916875
38.60540625,32.6492125
20.3651375,30.54424375
45.1455,30.5336375
42.6799125,28.7568125
46.83489375,21.8906875
50.55243125,20.79758125
45.52105625,16.78245625
31.02205,15.18715
28.64375625,14.5285
37.24306875,37.8316375
20.9103375,29.35866875
51.4659625,23.69706875
15.66350625,20.35635
50.88124375,19.4025
15.5653875,10.031625
20.95319375,41.6073875
38.934175,38.37224375
21.73263125,37.6821625
40.78246875,35.26719375
49.63136875,31.14448125
17.4596375,14.5855
8.07428125,13.36741875
8.66994375,7.47769375
45.437875,7.4394875
48.931925,31.82973125
42.0344125,30.71635
60.0832375,26.28260625
50.76321875,23.2143875
7.1571875,10.93295625
25.0059875,39.78966875
39.95413125,39.715225
50.75565625,31.95655
34.17423125,31.58485
20.8340125,31.45218125
53.02846875,31.085925
56.14559375,23.45538125
20.45113125,22.1315375
7.26119375,12.83290625
42.7287125,31.8827875
46.7549625,30.543875
35.2644875,27.8986625
18.80726875,26.58661875
18.3878,23.26519375
51.34198125,22.51621875
4.2186125,10.3763375
47.97494375,31.52416875
57.58505625,27.54625625
16.3109125,24.12028125
53.4085375,21.04285625
14.8924375,11.69461875
6.087375,7.77336875
42.2831875,4.95629375
17.793975,27.66303125
46.94894375,22.01804375
14.8743625,19.723775
54.35288125,18.7402
5.41976875,17.6081
15.1583125,15.24239375
28.6891625,12.84704375
11.5904625,10.41233125
9.19823125,9.02563125
21.01956875,35.17578125
48.151925,34.02110625
38.8759875,33.6363375
58.7370375,28.2920625
58.72431875,26.75526875
15.05058125,22.6981625
48.5707,21.033425
19.29624375,16.26351875
19.4649875,10.31125625
7.7278125,7.83293125
45.04853125,6.6311625
18.343375,37.6009375
40.576675,36.35200625
41.7241,32.070925
53.61289375,19.28465625
56.82205625,13.02829375
43.46089375,4.86465625
39.5967125,36.68241875
41.081775,34.657975
45.64933125,33.9279
17.8654375,29.25623125
43.2490125,28.58730625
45.56314375,27.9542375
10.0139875,25.9688125
49.4419375,19.3970375
5.22853125,19.18209375
28.93006875,18.00715625
9.6129125,7.71935625
23.4004125,32.77074375
59.25089375,27.57419375
59.52871875,24.33133125
19.54389375,20.6902625
20.3878,10.37603125
14.11603125,41.045525
18.31759375,37.9253
49.05330625,33.77445625
10.48936875,24.59210625
49.5418375,18.5623375
6.87020625,11.791
28.77260625,10.0502375
17.4532875,41.23194375
36.1783,39.32119375
41.8281875,37.1722375
57.9249625,24.88145
34.25621875,14.4632875
26.3344625,13.92934375
27.31541875,11.32335625
4.44735,8.3746
38.26345625,37.85046875
38.51338125,35.54655625
19.97701875,21.3234125
26.77820625,16.178
4.569425,13.46493125
5.89330625,10.22490625
47.410275,5.74128125
13.54893125,38.42650625
24.5262375,38.01144375
38.92469375,34.540475
35.76583125,32.35400625
19.4911125,30.84585625
19.6840875,27.7173875
16.64023125,25.27164375
4.60330625,7.861225
45.8233,34.69669375
3.99941875,11.82954375
29.133025,8.17091875
18.946525,36.22668125
20.7922625,33.7918875
18.09850625,33.3274375
20.86350625,29.74089375
14.2451625,15.66245625
26.7924375,13.34816875
26.80298125,13.06396875
16.52018125,39.80551875
17.23425625,31.85439375
16.62364375,20.34384375
4.34209375,14.3066375
16.1001625,13.6237125
21.53701875,40.8737
16.9080125,34.6654625
39.52625625,34.0215875
38.13585625,33.3102875
35.0488625,28.82551875
15.5791375,22.105075
18.69459375,21.59570625
13.45601875,21.23274375
14.6646125,20.19493125
3.80714375,7.64716875
42.25823125,6.5449375
21.6999,41.009525
15.98263125,38.9848125
19.8943125,37.1423125
16.217075,33.98284375
22.72056875,33.5632875
57.82270625,26.7124625
20.19748125,25.5523875
18.16645,20.70789375
32.2657125,15.2123
27.01568125,10.57325
45.04514375,8.37655625
48.94686875,4.8024375
24.16906875,39.387925
36.39225625,39.11013125
16.47401875,34.8532125
16.7738375,15.91254375
26.90783125,14.18305
29.25044375,12.05826875
4.781575,11.35245
43.04363125,6.5407625
48.0574375,4.937225
21.5411875,40.0075375
16.3832,38.07143125
19.89135,37.37640625
9.2474,32.4395875
6.12195625,16.18650625
29.76305,16.1947625
3.195575,13.33670625
4.20298125,11.097475
25.63405,8.38005625
43.16158125,7.32785625
13.06440625,6.6112875
9.24033125,40.55466875
36.0283875,39.99240625
8.3483125,33.5340875
15.884475,22.272325
57.04736875,16.7125
6.04358125,15.32435
5.81441875,14.582475
54.59875,14.4651875
31.74411875,14.4347375
28.00656875,10.7769125
43.1225125,8.16288125
46.51038125,7.46185
48.34114375,5.54094375
44.9221375,4.76421875
38.42036875,40.95365625
8.3819625,40.4046375
11.8408,39.8072375
22.87663125,38.6706
52.52383125,25.588275
46.29250625,17.04165
22.9998625,16.34505
58.05271875,15.20705625
26.70703125,14.68500625
5.8833125,11.6016125
16.7293125,37.941175
20.94944375,36.184025
22.5622125,31.99286875
20.003025,29.42383125
37.8310125,28.98778125
45.40933125,27.137275
21.3973375,13.69610625
32.18615,12.8411125
28.99709375,11.07499375
26.08726875,9.1132875
46.13635625,6.69520625
51.2198,4.688325
18.26795625,40.817325
38.159775,40.1456375
12.79656875,19.296125
6.05366875,17.7430125
45.21756875,17.45794375
5.18325625,15.95386875
31.86309375,15.95355
33.464175,15.7819375
26.918425,15.21740625
26.58514375,11.43131875
7.4228625,11.1632
27.69460625,9.84675625
11.890375,9.14189375
45.81888125,8.10298125
44.995675,4.1343375
23.1099625,41.48981875
52.5506125,20.2136
45.42428125,16.38795
55.10145625,15.71470625
25.857625,14.57318125
26.3447625,10.7907
8.782075,8.06875
51.39030625,6.2251875
18.27365625,41.7496375
20.0639125,41.196225
19.083,38.72001875
19.7229,33.82670625
34.46410625,33.264525
49.7862875,24.4574
21.2991,17.59158125
27.89815625,8.228525
13.18306875,40.6997125
8.77125,38.40804375
19.219725,31.6947375
43.09789375,30.34913125
50.0466625,21.66896875
54.7968125,21.673175
46.893125,20.43729375
53.74236875,20.2132375
49.8037625,17.50103125
30.0996375,17.17203125
47.20276875,16.6167875
24.8449875,16.3787875
22.0646125,15.35835
12.20960625,14.64916875
33.11163125,12.87480625
13.156375,8.90656875
11.30226875,7.4801125
11.93294375,40.68153125
14.971775,38.78314375
46.06149375,32.12814375
37.0551375,29.52060625
46.55865,25.96411875
50.27276875,21.04388125
55.69018125,15.56505625
23.3433625,15.5351875
30.14875625,15.24438125
27.22390625,12.35868125
12.9971125,10.14106875
26.62494375,9.88998125
6.49216875,9.49749375
47.88695,8.4552875
12.895475,8.2194625
26.57095,7.7112125
47.89403125,6.65806875
44.2195625,4.06499375
23.85398125,38.3126
35.6581375,30.2203625
50.55446875,18.1748
26.31364375,17.23090625
22.03455625,16.07925625
4.27411875,16.0794875
48.68475625,15.32535
45.62528125,6.9955375
60.92083125,3.653175
42.85770625,33.15601875
43.1741875,32.25315
46.41203125,31.37975625
46.64624375,29.52495625
49.823825,23.30650625
52.85281875,19.816
54.13770625,18.5685875
57.92919375,16.2087125
13.23741875,15.73675625
31.8377375,14.08036875
27.57273125,11.4995125
28.68353125,11.38295
51.61129375,5.3442625
16.92290625,38.919325
36.68731875,34.64499375
7.05628125,31.25719375
35.71828125,29.27073125
50.296025,26.53173125
51.1892,25.993125
57.2673625,25.93403125
17.92046875,21.35138125
53.9084,20.55849375
46.77370625,19.52185625
19.111125,18.6323875
44.5625375,16.978625
25.18540625,15.4755125
24.82283125,14.65451875
55.55879375,14.05438125
11.3554125,10.4385375
15.86311875,10.2168125
10.43341875,41.2481875
40.25086875,32.62244375
53.07729375,29.39009375
49.55933125,26.717625
48.818025,23.5628875
48.97955625,22.96556875
38.15585625,21.3934875
47.38973125,20.74344375
45.812375,19.01755625
46.76445,18.5837375
55.523225,17.2998375
49.0697125,16.98655
29.604375,14.60866875
6.28351875,12.4881625
19.02348125,12.48653125
31.44970625,12.19645625
18.7032875,11.37220625
44.48471875,4.982275
42.73100625,4.11449375
9.95445625,39.3902125
20.15480625,38.0454375
15.936975,34.8102625
47.98495,34.097375
33.75628125,30.828675
54.5933375,20.61019375
52.09556875,20.51271875
47.65825625,20.01401875
28.5957,17.9776875
46.91736875,17.78913125
23.22830625,17.2680375
29.2379,17.07248125
12.8813125,16.07703125
48.84581875,16.0369125
52.67401875,15.47811875
10.009625,13.61585625
30.61561875,12.1428875
26.29465625,8.66775625
11.31683125,4.4651625
18.26775,40.0331875
51.2375,33.7599
40.94760625,33.262075
46.26585,32.9531625
44.67766875,31.94174375
50.99428125,31.2407625
40.70845,29.3909625
17.96875,29.44086875
46.2950375,28.5010625
50.6070375,28.4138125
45.59401875,26.0041
45.869225,20.03666875
51.08231875,18.39154375
45.0154875,18.39145625
52.450225,17.9760125
47.79854375,16.146725
5.708725,15.4593375
33.5331125,15.25263125
58.37843125,14.88064375
57.511775,12.7556
16.2459375,12.733325
26.27993125,12.3585625
8.18710625,11.07651875
13.61231875,9.80081875
47.8507,33.273
47.03411875,32.2147375
40.2248875,30.7153375
45.886025,30.37536875
20.16098125,30.15390625
22.5358125,28.7609125
47.2218375,28.7259
43.787525,26.8624625
52.1546125,26.37395
18.02114375,26.1262125
18.1112375,24.36658125
50.4816875,24.09184375
45.0206375,19.30634375
19.4955125,19.18109375
15.94454375,18.1145625
47.05838125,17.65908125
53.11105,17.5310625
28.28204375,17.10701875
15.533025,17.09031875
20.67611875,16.95929375
54.07199375,15.5255375
24.22369375,15.4869375
13.7391125,14.80451875
9.46061875,14.45334375
57.4307375,14.402825
57.96019375,14.16296875
25.0182875,13.85823125
15.2897625,12.79236875
32.36644375,12.62108125
24.96099375,10.844175
18.768725,10.2378375
21.62975,9.21199375
9.58248125,7.06594375
17.845475,39.9828
46.65003125,31.2242375
35.2235875,31.2558625
44.1727,30.33075
51.7014,29.47346875
47.0146125,28.6428875
49.57788125,28.22480625
50.93225625,25.70695625
3.69298125,21.2701375
47.64265625,18.992125
45.9670625,18.07118125
18.78780625,17.78474375
27.5932875,17.7598625
12.3490875,17.5052875
32.93674375,16.86896875
4.98268125,15.13335625
24.9773625,15.0230375
12.02688125,13.8258375
6.594525,13.11943125
18.02690625,12.75255625
27.2677125,12.21079375
17.86683125,11.33965
16.902875,10.99368125
22.8803375,10.51289375
7.79458125,10.127
25.35105625,9.136025
46.89443125,7.5445875
44.4851125,34.55696875
37.16848125,32.9691875
46.38884375,32.18753125
45.3544375,32.016925
36.00440625,31.20308125
43.74189375,31.19408125
35.724175,30.65580625
52.8578625,29.89805625
22.65955,29.5658875
40.82505,28.47333125
43.6474875,27.669925
42.85991875,27.1509625
18.46285625,23.38840625
37.629525,22.17695625
13.2481875,20.48044375
25.80098125,16.28940625
22.6226,14.42015
20.02854375,13.7004
28.21674375,12.42871875
15.39573125,9.4614875
10.56661875,7.8380625
12.18516875,7.17833125
59.94694375,3.605625
36.27438125,36.28521875
41.059825,35.946775
44.2604375,32.82771875
43.65281875,32.07215625
23.53033125,29.21684375
44.2543,28.43478125
50.4630875,27.59949375
60.1954125,27.30411875
43.2701375,26.8245875
46.26171875,26.52333125
15.92411875,25.8681
50.7925375,25.09438125
15.84853125,21.47090625
47.0501,21.3505625
55.08584375,19.1340125
18.5841875,18.63183125
18.1355125,18.37248125
53.84734375,16.883375
56.13398125,16.33134375
55.4598,14.6760875
54.63215625,14.13874375
8.95685625,14.00323125
29.62215,11.514225
15.086975,8.97288125
7.03885,8.513425
44.0160875,5.352575
52.1727875,4.60965
37.1328,37.74159375
35.67516875,34.19090625
43.9694875,33.72788125
35.61589375,33.2637375
59.7448,28.336525
20.7653875,26.43833125
47.93711875,21.791725
20.97185625,21.7186125
13.8338125,19.59223125
48.61315625,19.50510625
29.43311875,17.934225
55.72520625,17.33463125
19.00499375,16.94326875
15.47301875,15.722225
21.06375625,15.373375
34.213775,15.40628125
12.0649875,12.0682875
47.0714875,4.7755125
18.0394125,38.95036875
9.53606875,36.4935375
46.95248125,33.8018625
46.54239375,33.17680625
45.77295,32.971675
38.22974375,30.6986
22.42213125,30.442625
22.48444375,30.26704375
21.54675,30.15101875
37.05565,28.2762125
46.136675,26.91100625
16.50039375,26.234925
49.9938375,25.82681875
45.3629375,24.96044375
15.0572125,24.43373125
53.671775,23.38226875
57.17225,22.48966875
55.4359125,21.29638125
54.2472875,19.555625
14.47543125,18.76304375
45.2070375,18.4249375
54.8747375,17.9725
50.473025,17.55748125
25.54225,17.1922
28.87923125,17.12435625
50.0283,16.69784375
47.50425,16.33215
9.08078125,13.61181875
14.4899875,12.99890625
19.993175,12.25014375
16.248625,11.59246875
8.3439125,11.46979375
10.80659375,8.71140625
43.57150625,8.0837875
4.38825625,5.3314125
43.09925625,33.98516875
35.17065,31.55866875
42.74104375,31.3237125
45.63335,29.55921875
53.33495625,28.42115
48.13146875,28.31175
18.73963125,27.636125
46.41061875,27.5017875
58.237625,25.83731875
50.86703125,24.72165625
20.1115,24.56919375
50.00915,22.767975
49.42796875,21.05066875
47.94804375,19.758925
55.1807625,19.7901375
17.472175,19.03423125
21.10160625,17.18758125
56.06785,16.4689375
29.641475,16.36133125
15.68164375,16.3294875
28.77206875,16.2733625
28.83924375,16.24408125
56.40935,14.5968875
19.96208125,14.5676375
26.42808125,11.98875
19.0929125,12.0182875
8.24214375,10.421825
22.0052125,10.1826
4.7941375,7.47675
24.836125,40.72508125
36.60255,38.45316875
36.6341625,37.38464375
38.52261875,36.8002625
49.59884375,34.6499375
53.49531875,32.0370625
37.46646875,31.37081875
38.40390625,31.19049375
20.8777875,30.89453125
52.134925,28.9085125
46.3046,27.794075
36.321975,27.67703125
52.83085625,26.59331875
61.1038625,26.1375375
50.059125,25.4917375
17.69501875,25.21101875
11.310325,25.03385
19.13605,24.32700625
19.3864625,23.4562875
16.237275,20.6611375
17.59979375,20.43909375
53.41835625,19.7839625
12.95028125,18.02569375
49.77545,16.6276375
52.69539375,16.5257875
28.2350375,15.57950625
19.3165875,15.34341875
22.50929375,14.90350625
17.55065,13.73756875
7.35358125,13.477825
20.9509,13.11589375
22.24708125,12.988825
10.92738125,12.03099375
7.32795625,11.595425
16.205625,10.65294375
3.29905,7.72629375
12.28406875,4.755275
38.1337375,39.0809375
20.67964375,38.9394125
15.4522375,36.3373625
35.38105625,35.9358875
40.567825,33.9767625
47.04094375,33.0551625
43.21665,33.00199375
45.26709375,32.84756875
23.315975,31.99731875
51.6169625,31.87294375
51.52036875,31.04815
36.74228125,30.57508125
51.0382125,30.2283625
51.18046875,30.27225
40.07453125,29.75124375
47.9828375,27.34830625
44.79008125,26.49738125
15.613925,26.40318125
19.6299,24.86565625
51.2528625,24.53343125
47.40206875,22.529475
54.57869375,22.57524375
54.384225,22.1564
16.9634125,21.15249375
55.10598125,19.020675
55.0154375,18.18295625
47.68979375,17.07146875
48.1996375,16.348675
49.8117,15.76903125
22.95463125,13.5339625
30.920775,11.32419375
11.63945625,11.11390625
13.9895125,10.283175
9.22788125,9.88111875
14.72250625,9.85114375
13.62145625,8.118
40.81165625,37.5684625
34.9101375,36.85986875
17.36455625,36.68726875
16.988,35.728425
15.510575,32.98118125
48.88638125,32.76300625
21.894975,31.19570625
22.7114625,31.13040625
21.78043125,31.070075
34.72068125,30.74505
23.39624375,29.88248125
41.634675,29.4625375
36.80090625,29.1775625
17.3037125,28.56878125
51.27165625,27.59759375
43.92935625,25.85729375
48.23270625,25.17506875
58.77215,23.559025
53.63088125,22.45456875
52.0843625,21.125675
53.030975,20.61416875
19.21264375,19.67189375
55.7812375,18.1638
20.01585,16.89024375
12.89728125,16.92166875
19.924925,16.26046875
30.9777875,15.73240625
32.7465,14.4150125
10.99355,13.5336125
25.4174375,12.92706875
14.362625,11.2604375
26.978525,9.48725
5.5505625,7.4436875
48.3342625,7.28573125
6.16265625,6.78111875
23.30458125,40.62635
23.22585,39.6688375
22.51925,39.29458125
21.27674375,39.16453125
37.1391625,38.8104625
46.45551875,34.5930625
49.79986875,33.55855
51.354875,32.84055
40.12726875,31.7167625
18.62919375,30.8449
50.3887375,29.7661125
18.80439375,29.1053125
44.80831875,28.2035
21.40406875,27.3356125
17.26900625,26.9198875
16.96109375,25.98004375
15.90865,24.92576875
21.1213625,23.995425
51.9506625,18.86508125
17.6254125,18.5757375
5.50070625,16.8333375
31.676625,16.8473625
56.0470125,15.5858
57.01120625,14.0071375
13.897225,13.89821875
30.99004375,13.78031875
11.82635625,13.58005
22.054375,9.95499375
48.759725,8.18378125
13.83066875,7.57805
35.4288,38.3375125
36.2933375,35.39533125
35.11389375,34.1933
39.9952125,33.7118875
37.00628125,33.769875
47.70645,31.49088125
38.32720625,29.73168125
22.46218125,29.44269375
58.19866875,27.5766375
16.34895,26.7452
20.68855625,24.75209375
55.4108375,20.6819875
52.66948125,18.91188125
15.4303375,18.92163125
4.43063125,17.69065
19.56665,17.7008
16.61206875,17.34444375
17.34054375,16.71841875
5.401025,16.129175
4.4668,15.51649375
57.41068125,15.0888375
12.8189625,14.9467625
17.4039,14.80901875
31.0387375,14.67665
8.57746875,14.3435625
11.1348,14.2087375
14.69220625,14.28220625
28.20841875,11.88005
30.57864375,11.249375
7.43688125,9.46845625
14.22041875,9.0007625
10.6012125,5.32454375
49.55473125,3.85080625
36.74425625,40.532425
35.42085,39.33139375
24.24498125,39.04673125
20.8039875,36.60144375
49.80758125,34.3121
46.6341125,34.24640625
46.2950125,33.806525
20.1435,31.6499875
18.4345375,31.3536625
52.333625,31.21959375
17.640575,31.02695
39.2001,31.02525625
48.2941,30.31489375
19.48,27.10830625
46.1705625,25.62288125
9.18593125,23.741925
20.78795,22.52079375
20.17185625,18.71768125
5.35164375,18.26889375
17.1501125,18.19840625
14.9102,17.83385625
28.0211875,17.73389375
54.79215,17.26855
12.87169375,16.74668125
6.36854375,16.0914625
7.35411875,16.0813
56.68186875,15.73930625
45.603425,15.52170625
25.94669375,15.41855625
6.75889375,15.13128125
3.426475,15.04610625
25.7337875,14.5231875
12.0755,14.4386875
3.292875,14.12736875
25.161425,13.79895
10.72135625,13.61990625
32.5684375,13.641275
5.49655625,13.11745
7.879,12.0519875
10.14744375,11.84873125
10.83139375,11.172425
4.70830625,10.18045625
8.4341,9.45196875
7.30425,9.351475
11.24153125,5.7183125
13.90813125,41.6382625
22.47811875,40.31986875
21.4774,39.580825
38.96291875,39.40185625
20.32739375,38.75060625
37.72639375,34.94268125
48.66561875,34.73675
22.2883875,32.00594375
54.0433375,30.98856875
52.54778125,30.7295625
17.43973125,30.2268
52.09259375,29.791875
58.11379375,28.48806875
52.33745,28.1433125
44.54778125,27.50771875
47.21113125,27.01303125
50.6021,26.9127875
15.581375,25.56345625
45.65218125,20.573525
18.9906,20.13875625
14.03020625,18.098275
16.03706875,16.524475
55.2274,16.38165
7.5362625,14.4094375
22.76193125,12.15086875
4.03866875,9.429275
6.85449375,8.38236875
14.0355,6.7995875
43.9777875,4.2081875
22.34845625,40.2001
22.587225,38.51554375
21.74223125,34.5702125
17.61390625,31.95748125
47.4321625,30.64643125
19.0884,29.547975
45.598875,29.3653625
21.541375,28.97224375
20.9409125,27.91535625
9.99154375,23.6135125
14.66460625,21.7476625
16.56684375,21.67270625
56.891875,21.56488125
17.635175,21.5588875
20.58666875,20.67921875
51.08703125,19.29970625
49.1899375,18.6729625
4.62291875,17.55695625
26.1747125,15.46019375
10.43995625,14.60226875
8.89135625,12.92059375
10.41235625,12.79499375
22.64225,11.21464375
11.54190625,9.55915
49.537625,6.38535625
37.5971125,41.00115625
38.98200625,39.4895875
17.39060625,38.1197875
15.113725,37.38763125
35.576725,36.84815
39.1484875,35.94903125
19.39165,35.35376875
17.607025,35.33401875
37.6807375,32.3065875
50.7335375,31.31643125
25.13599375,31.2836875
53.07054375,30.79091875
44.542475,29.3688625
49.79446875,29.1623375
59.02000625,29.037
19.331,28.5954
53.00653125,28.483725
57.0460125,26.88025
17.47578125,26.07689375
19.2887125,25.291575
16.59423125,25.21535
53.7302,24.3890375
55.45880625,24.2016125
16.28266875,23.20368125
16.348075,21.4694375
56.32088125,20.83644375
4.93418125,16.81731875
31.10220625,16.68416875
20.06040625,15.69935625
28.78381875,15.44175
19.97250625,14.72874375
15.35651875,14.679775
22.98461875,12.2416
8.027275,8.60745
35.64709375,38.59845625
40.10186875,38.36226875
15.54345,37.92631875
16.49883125,36.2202875
17.4493625,34.7170625
36.5739625,34.4642125
19.7312375,34.01341875
39.58244375,32.9217875
53.4814625,30.3963875
52.01215,30.34211875
39.13803125,30.11766875
42.9154,29.89426875
43.62721875,29.43921875
16.80465625,27.6948
19.9099375,26.4612
18.9796375,26.30585
57.0807125,25.18530625
45.94999375,24.5582125
17.0566125,24.5591375
58.72431875,24.38201875
55.4822125,22.51170625
16.37839375,22.2472
53.95459375,21.3428375
55.22655,20.44094375
16.84025625,19.87015625
5.7035625,18.6197375
48.6185625,17.85424375
18.57980625,17.66004375
11.44625,15.178425
56.39089375,14.8616125
18.9551375,13.23026875
14.64301875,8.10803125
44.0732,6.0989875
14.21876875,5.20640625
19.1635375,41.4268375
16.84223125,40.5886375
38.9142875,40.17720625
20.5808875,39.7801375
9.2361375,39.3152375
39.8000125,39.1724375
14.514575,38.29739375
19.871075,36.33676875
38.34746875,35.1126375
21.7491375,33.78710625
48.78676875,33.66545
35.34170625,33.322975
16.52963125,33.13374375
21.72981875,32.63079375
16.42095,32.3568625
21.27151875,31.85501875
34.72155625,30.69340625
34.11145625,30.0150625
51.23130625,29.44105625
20.3251625,28.54956875
52.98121875,27.5262375
44.87899375,25.69295625
49.29385,25.15215
48.333,22.545125
47.75288125,21.713975
17.16185,19.475475
15.04970625,18.1764
48.8117,17.81471875
19.1450625,17.15010625
45.73618125,15.98433125
31.6518375,15.96206875
8.7641125,12.4583125
10.0240875,11.727
5.3040625,11.057325
22.42455,41.30565625
15.53084375,39.922125
12.8552875,39.848275
22.19198125,39.29169375
11.40945,39.09515625
11.7107125,38.8377875
39.20345625,38.38445625
11.76530625,38.0222
8.75244375,37.98255625
40.35300625,36.63688125
19.26860625,35.80626875
39.97475,34.67295625
18.4235125,32.87835625
17.4966,32.74999375
52.5652375,32.624175
40.12830625,32.19463125
39.25,31.88719375
19.3678875,30.00654375
48.18064375,29.195525
17.67650625,23.484525
47.06103125,23.16456875
14.9347125,21.15930625
4.5234375,20.70326875
13.7316375,19.7977
14.488825,13.35335625
9.604475,12.4876625
16.9004875,12.38993125
8.812975,12.1443625
9.2061625,11.3950625
6.2236125,9.38766875
10.59600625,7.01388125
3.1769875,6.83076875
13.05405,41.0130625
10.97459375,40.64373125
14.50956875,39.84479375
24.1689625,39.95568125
16.26058125,39.8635
14.25056875,39.2700625
23.415375,38.80706875
39.36920625,36.3123125
37.91771875,35.91926875
20.37456875,35.6582
35.39575625,35.01085625
18.422625,34.93969375
20.01300625,34.8931125
51.67189375,33.86896875
22.7382,32.8514625
37.77573125,31.25495
49.9914625,30.17655625
49.927975,28.4506875
44.269175,24.96251875
15.7729,23.76423125
49.8841125,23.4835
13.84451875,22.2286875
13.4656125,19.12608125
16.4454875,18.90436875
53.33729375,18.29721875
18.292425,16.87164375
13.84519375,16.66849375
3.9950875,15.19516875
5.2455125,14.13474375
55.84254375,13.17220625
4.929075,11.74098125
25.93295625,10.627175
8.27828125,9.32159375
28.42964375,9.1314625
11.13393125,7.68833125
13.59975,5.86898125
24.06680625,41.4491625
17.117175,37.21915
47.2711375,34.14784375
20.1435125,33.1531125
15.966525,32.45728125
19.51361875,32.40345625
24.5884375,32.2364
41.15065,31.2432875
15.74813125,24.88958125
14.19460625,22.6173375
14.2119875,21.705175
3.5976375,20.39474375
48.62876875,18.67675
21.2885875,18.5063375
31.06750625,17.65081875
49.64475625,17.08500625
3.73763125,16.80063125
27.99515625,16.588575
4.48736875,16.04019375
7.06518125,14.74814375
8.0089,13.012425
14.41925,12.33103125
11.03971875,12.06341875
3.5807,5.6589125
16.39593125,41.51358125
22.2389625,41.16020625
15.14753125,40.92109375
19.1792875,40.50471875
10.74871875,38.730975
9.77470625,38.49405625
23.14425,37.5807875
21.61740625,37.50763125
22.60541875,37.42140625
16.1445625,37.34513125
16.39281875,36.44221875
37.69161875,36.11079375
36.55831875,33.8534875
34.46040625,32.91020625
52.636525,31.71304375
56.53823125,27.60485
17.1330875,27.0264
20.49538125,23.33734375
10.77894375,23.1500875
18.85349375,22.544875
3.71565,12.8180375
4.7609625,12.7774625
4.07490625,12.08713125
6.6739,8.9613
6.98591875,7.91065625
27.4903625,7.4356625
11.45245625,6.9958375
9.5634625,41.5607
12.0458375,41.5073
7.4019125,38.907175
21.92078125,38.54673125
10.74045,38.27509375
9.034375,37.71441875
34.6903625,35.203475
16.78861875,31.92991875
52.54234375,29.052725
48.9625125,28.9803375
52.1006625,27.86365625
58.81085625,25.1974
47.76365,23.31875625
14.71608125,22.6009125
3.49743125,19.09748125
56.4696125,17.37435
4.22394375,16.56206875
4.31715,14.29613125
8.14825,13.8301625
12.14856875,40.5888875
12.6982625,38.97461875
39.8101875,38.91503125
22.523425,37.60314375
38.9774875,37.09680625
17.34685,36.31213125
34.32009375,36.0144375
18.24271875,36.011675
44.88356875,34.4644875
20.440375,34.01189375
19.1027125,33.2667875
42.21115,32.72396875
49.09125625,29.771525
14.0779625,20.91584375
12.09448125,16.398675
16.7825875,15.984725
11.855875,12.8389375
4.61165,12.496975
25.4542625,12.0406125
3.7379875,10.27385625
5.58761875,6.8481625
12.5006125,41.43025
11.3666375,41.3921375
24.01081875,41.2156
16.109525,40.778725
23.47709375,40.2338625
37.36119375,39.75438125
35.2218875,39.53126875
24.12105625,37.61549375
15.88019375,33.98515625
18.43923125,30.08579375
10.53325625,25.33895625
3.67175,20.00740625
5.438125,19.980775
5.0393125,17.98465
6.40234375,13.53031875
6.4615375,12.2669625
3.65174375,8.38595
15.41403125,38.28364375
10.021875,37.6371
35.13429375,35.90611875
47.64763125,34.75860625
16.99196875,32.77696875
39.3311125,32.13965
34.23305,31.716575
17.64840625,25.2671375
54.60525625,23.64828125
52.3606,23.30156875
38.2662,22.9158
19.79168125,22.58634375
5.01826875,9.941275
6.1023625,8.462775
15.6421875,41.7742375
9.0112125,39.5597875
17.64070625,38.56861875
41.90265625,31.724775
20.448625,17.88665
56.6684,17.13381875
4.91705625,13.47776875
56.758075,13.4173375
16.5819125,41.5962625
10.1879875,40.5302125
18.7410625,39.860825
10.72484375,39.76698125
10.9589625,39.49115
41.94289375,35.3110875
37.4489625,33.97785625
41.11119375,30.28443125
53.01006875,17.046775
4.06926875,13.50659375
5.41408125,12.06621875
13.76430625,8.70370625
14.63553125,40.81321875
11.20794375,40.49388125
12.6654125,39.9307125
11.99453125,39.6853
7.95105625,39.64490625
8.110425,38.127625
40.48598125,37.3268875
16.85750625,34.028775
41.66115625,28.0301625
16.81379375,23.4281
3.56751875,15.993675
19.47358125,14.02543125
3.4275625,9.85461875
5.3197625,8.4309
3.92725,6.22733125
15.41806875,41.20236875
8.2057125,40.64856875
8.421925,38.926525
49.29445625,22.836
4.45090625,18.40185
14.6059,17.19163125
3.336375,6.14975625
19.8623,40.34714375
20.65204375,37.7117875
35.725,37.63065
15.9339875,35.72149375
20.03435,27.990425
17.14826875,24.45670625
16.726925,18.5612125
16.1021125,38.9802875
16.32939375,31.47575
4.510125,19.95625
3.13965625,18.56158125
20.2751875,25.7479625
20.6976625,40.613125
15.2042625,37.06549375
59.3722125,26.92174375
8.8787125,36.810625
21.35739375,35.66365625
4.1009875,13.5507625
15.197925,39.32998125
7.614,39.8222875
4.270525,19.4094625
